# Time-averaged data for fix 6
# TimeStep v_strain_y v_virial_stress_yy
100 0.0002 -0.048269
200 0.0002 -0.0482178
300 0.0002 -0.0481663
400 0.0002 -0.0481124
500 0.0002 -0.0480558
600 0.0002 -0.0480023
700 0.0002 -0.047952
800 0.0002 -0.0479003
900 0.0002 -0.0478474
1000 0.0002 -0.0477883
1100 0.0002 -0.0477296
1200 0.0002 -0.047676
1300 0.0002 -0.0476224
1400 0.0002 -0.0475653
1500 0.0002 -0.0475061
1600 0.0002 -0.0474499
1700 0.0002 -0.0473932
1800 0.0002 -0.0473412
1900 0.0002 -0.0472895
2000 0.0002 -0.0472354
2100 0.0002 -0.0471808
2200 0.0002 -0.0471262
2300 0.0002 -0.0470797
2400 0.0002 -0.0470353
2500 0.0002 -0.046988
2600 0.0002 -0.0469457
2700 0.0002 -0.0469062
2800 0.0002 -0.0468682
2900 0.0002 -0.046832
3000 0.0002 -0.0467965
3100 0.0002 -0.0467646
3200 0.0002 -0.0467364
3300 0.0002 -0.0467127
3400 0.0002 -0.046686
3500 0.0002 -0.0466597
3600 0.0002 -0.0466377
3700 0.0002 -0.0466175
3800 0.0002 -0.0466036
3900 0.0002 -0.0465876
4000 0.0002 -0.0465729
4100 0.0002 -0.0465607
4200 0.0002 -0.0465526
4300 0.0002 -0.0465504
4400 0.0002 -0.0465516
4500 0.0002 -0.0465493
4600 0.0002 -0.0465467
4700 0.0002 -0.046544
4800 0.0002 -0.0465492
4900 0.0002 -0.0465531
5000 0.0002 -0.0465599
5100 0.0002 -0.0464512
5200 0.0002 -0.0462211
5300 0.0002 -0.0459916
5400 0.0002 -0.0457613
5500 0.0002 -0.0455339
5600 0.0002 -0.0453133
5700 0.0002 -0.0450937
5800 0.0002 -0.0448741
5900 0.0002 -0.0446554
6000 0.0002 -0.0444363
6100 0.0002 -0.0442128
6200 0.0002 -0.0439942
6300 0.0002 -0.043775
6400 0.0002 -0.0435576
6500 0.0002 -0.0433464
6600 0.0002 -0.0431308
6700 0.0002 -0.042914
6800 0.0002 -0.0426982
6900 0.0002 -0.0424829
7000 0.0002 -0.0422637
7100 0.0002 -0.0420482
7200 0.0002 -0.0418355
7300 0.0002 -0.0416244
7400 0.0002 -0.0414106
7500 0.0002 -0.0411978
7600 0.0002 -0.0409909
7700 0.0002 -0.0407808
7800 0.0002 -0.0405686
7900 0.0002 -0.040356
8000 0.0002 -0.040142
8100 0.0002 -0.0399336
8200 0.0002 -0.0397263
8300 0.0002 -0.0395208
8400 0.0002 -0.0393129
8500 0.0002 -0.0391042
8600 0.0002 -0.0388997
8700 0.0002 -0.0386911
8800 0.0002 -0.0384816
8900 0.0002 -0.0382797
9000 0.0002 -0.038076
9100 0.0002 -0.0378747
9200 0.0002 -0.0376723
9300 0.0002 -0.0374697
9400 0.0002 -0.037268
9500 0.0002 -0.0370715
9600 0.0002 -0.0368775
9700 0.0002 -0.0366784
9800 0.0002 -0.0364863
9900 0.0002 -0.0362919
10000 0.0002 -0.0360993
10100 0.0002 -0.0359082
10200 0.0002 -0.0357154
10300 0.0002 -0.0355255
10400 0.0002 -0.0353377
10500 0.0002 -0.0351547
10600 0.0002 -0.0349717
10700 0.0002 -0.0347892
10800 0.0002 -0.0346068
10900 0.0002 -0.0344265
11000 0.0002 -0.0342468
11100 0.0002 -0.0340638
11200 0.0002 -0.0338814
11300 0.0002 -0.0337028
11400 0.0002 -0.033521
11500 0.0002 -0.0333391
11600 0.0002 -0.0331622
11700 0.0002 -0.0329801
11800 0.0002 -0.0328037
11900 0.0002 -0.0326349
12000 0.0002 -0.0324654
12100 0.0002 -0.0322919
12200 0.0002 -0.0321198
12300 0.0002 -0.0319446
12400 0.0002 -0.0317772
12500 0.0002 -0.0316082
12600 0.0002 -0.0314398
12700 0.0002 -0.0312736
12800 0.0002 -0.0311104
12900 0.0002 -0.0309481
13000 0.0002 -0.0307869
13100 0.0002 -0.0306247
13200 0.0002 -0.0304606
13300 0.0002 -0.0302969
13400 0.0002 -0.0301362
13500 0.0002 -0.029977
13600 0.0002 -0.0298156
13700 0.0002 -0.0296601
13800 0.0002 -0.0295037
13900 0.0002 -0.0293446
14000 0.0002 -0.0291879
14100 0.0002 -0.0290304
14200 0.0002 -0.0288691
14300 0.0002 -0.0287127
14400 0.0002 -0.0285568
14500 0.0002 -0.0284011
14600 0.0002 -0.0282502
14700 0.0002 -0.0280995
14800 0.0002 -0.0279485
14900 0.0002 -0.0277929
15000 0.0002 -0.027644
15100 0.0002 -0.0274969
15200 0.0002 -0.0273497
15300 0.0002 -0.0272025
15400 0.0002 -0.0270542
15500 0.0002 -0.0269113
15600 0.0002 -0.0267698
15700 0.0002 -0.0266251
15800 0.0002 -0.0264809
15900 0.0002 -0.0263363
16000 0.0002 -0.0261925
16100 0.0002 -0.0260517
16200 0.0002 -0.0259112
16300 0.0002 -0.0257659
16400 0.0002 -0.0256235
16500 0.0002 -0.0254887
16600 0.0002 -0.0253496
16700 0.0002 -0.0252112
16800 0.0002 -0.0250739
16900 0.0002 -0.024939
17000 0.0002 -0.0248063
17100 0.0002 -0.0246752
17200 0.0002 -0.0245412
17300 0.0002 -0.0244091
17400 0.0002 -0.0242787
17500 0.0002 -0.0241496
17600 0.0002 -0.0240213
17700 0.0002 -0.0238977
17800 0.0002 -0.0237707
17900 0.0002 -0.0236463
18000 0.0002 -0.0235231
18100 0.0002 -0.023396
18200 0.0002 -0.0232705
18300 0.0002 -0.0231466
18400 0.0002 -0.0230273
18500 0.0002 -0.0229083
18600 0.0002 -0.0227908
18700 0.0002 -0.0226697
18800 0.0002 -0.0225518
18900 0.0002 -0.0224344
19000 0.0002 -0.0223158
19100 0.0002 -0.0221991
19200 0.0002 -0.0220895
19300 0.0002 -0.0219733
19400 0.0002 -0.0218549
19500 0.0002 -0.0217367
19600 0.0002 -0.0216189
19700 0.0002 -0.0215031
19800 0.0002 -0.02139
19900 0.0002 -0.0212743
20000 0.0002 -0.0211578
20100 0.0002 -0.0210438
20200 0.0002 -0.0209292
20300 0.0002 -0.0208197
20400 0.0002 -0.0207056
20500 0.0002 -0.0205929
20600 0.0002 -0.0204789
20700 0.0002 -0.0203642
20800 0.0002 -0.0202515
20900 0.0002 -0.0201382
21000 0.0002 -0.0200259
21100 0.0002 -0.0199086
21200 0.0002 -0.0197966
21300 0.0002 -0.019685
21400 0.0002 -0.0195718
21500 0.0002 -0.0194569
21600 0.0002 -0.0193489
21700 0.0002 -0.0192382
21800 0.0002 -0.0191328
21900 0.0002 -0.0190375
22000 0.0002 -0.0189759
22100 0.0002 -0.0189926
22200 0.0002 -0.0190997
22300 0.0002 -0.0192489
22400 0.0002 -0.0193491
22500 0.0002 -0.0194115
22600 0.0002 -0.0195162
22700 0.0002 -0.0196111
22800 0.0002 -0.0196735
22900 0.0002 -0.0197616
23000 0.0002 -0.0198303
23100 0.0002 -0.0199093
23200 0.0002 -0.0199775
23300 0.0002 -0.0200439
23400 0.0002 -0.0201115
23500 0.0002 -0.0201749
23600 0.0002 -0.0202401
23700 0.0002 -0.0203075
23800 0.0002 -0.0203665
23900 0.0002 -0.0204252
24000 0.0002 -0.0204756
24100 0.0002 -0.0205295
24200 0.0002 -0.0205818
24300 0.0002 -0.0206317
24400 0.0002 -0.0206827
24500 0.0002 -0.0207264
24600 0.0002 -0.0207695
24700 0.0002 -0.0208106
24800 0.0002 -0.0208514
24900 0.0002 -0.0208872
25000 0.0002 -0.0209245
25100 0.0002 -0.0209652
25200 0.0002 -0.0210002
25300 0.0002 -0.0210298
25400 0.0002 -0.0210623
25500 0.0002 -0.0211
25600 0.0002 -0.0211367
25700 0.0002 -0.0211712
25800 0.0002 -0.0212049
25900 0.0002 -0.0212366
26000 0.0002 -0.0212708
26100 0.0002 -0.0213057
26200 0.0002 -0.0213382
26300 0.0002 -0.0213672
26400 0.0002 -0.0213991
26500 0.0002 -0.0214303
26600 0.0002 -0.0214589
26700 0.0002 -0.0214926
26800 0.0002 -0.0215209
26900 0.0002 -0.0215498
27000 0.0002 -0.0215752
27100 0.0002 -0.021603
27200 0.0002 -0.0216392
27300 0.0002 -0.021669
27400 0.0002 -0.0216956
27500 0.0002 -0.0217255
27600 0.0002 -0.0217595
27700 0.0002 -0.0217866
27800 0.0002 -0.021816
27900 0.0002 -0.0218504
28000 0.0002 -0.021882
28100 0.0002 -0.0219148
28200 0.0002 -0.0219487
28300 0.0002 -0.0219829
28400 0.0002 -0.0220115
28500 0.0002 -0.0220478
28600 0.0002 -0.0220826
28700 0.0002 -0.0221169
28800 0.0002 -0.0221468
28900 0.0002 -0.0221751
29000 0.0002 -0.0222057
29100 0.0002 -0.0222327
29200 0.0002 -0.0222629
29300 0.0002 -0.0222885
29400 0.0002 -0.0223121
29500 0.0002 -0.0223341
29600 0.0002 -0.0223552
29700 0.0002 -0.0223708
29800 0.0002 -0.0223801
29900 0.0002 -0.0223991
30000 0.0002 -0.0224131
30100 0.0002 -0.0224185
30200 0.0002 -0.022428
30300 0.0002 -0.0224318
30400 0.0002 -0.0224346
30500 0.0002 -0.0224394
30600 0.0002 -0.0224377
30700 0.0002 -0.022432
30800 0.0002 -0.0224256
30900 0.0002 -0.0224181
31000 0.0002 -0.0224037
31100 0.0002 -0.022391
31200 0.0002 -0.0223757
31300 0.0002 -0.0223579
31400 0.0002 -0.0223401
31500 0.0002 -0.0223196
31600 0.0002 -0.0223009
31700 0.0002 -0.0222835
31800 0.0002 -0.0222642
31900 0.0002 -0.0222526
32000 0.0002 -0.0222738
32100 0.0002 -0.0223696
32200 0.0002 -0.0225553
32300 0.0002 -0.0227888
32400 0.0002 -0.0229781
32500 0.0002 -0.0231238
32600 0.0002 -0.0233058
32700 0.0002 -0.0234856
32800 0.0002 -0.0236347
32900 0.0002 -0.0238147
33000 0.0002 -0.023971
33100 0.0002 -0.0241373
33200 0.0002 -0.0243008
33300 0.0002 -0.0244578
33400 0.0002 -0.0246166
33500 0.0002 -0.0247708
33600 0.0002 -0.0249273
33700 0.0002 -0.025085
33800 0.0002 -0.0252432
33900 0.0002 -0.0254047
34000 0.0002 -0.0255542
34100 0.0002 -0.025714
34200 0.0002 -0.0258663
34300 0.0002 -0.026015
34400 0.0002 -0.0261687
34500 0.0002 -0.026315
34600 0.0002 -0.0264597
34700 0.0002 -0.0266078
34800 0.0002 -0.026756
34900 0.0002 -0.0269034
35000 0.0002 -0.027053
35100 0.0002 -0.0271984
35200 0.0002 -0.0273415
35300 0.0002 -0.0274817
35400 0.0002 -0.0276256
35500 0.0002 -0.0277645
35600 0.0002 -0.0279057
35700 0.0002 -0.0280435
35800 0.0002 -0.0281824
35900 0.0002 -0.0283193
36000 0.0002 -0.0284509
36100 0.0002 -0.0285865
36200 0.0002 -0.0287225
36300 0.0002 -0.0288554
36400 0.0002 -0.0289857
36500 0.0002 -0.0291139
36600 0.0002 -0.0292415
36700 0.0002 -0.0293669
36800 0.0002 -0.0294903
36900 0.0002 -0.0296156
37000 0.0002 -0.0297379
37100 0.0002 -0.0298602
37200 0.0002 -0.0299825
37300 0.0002 -0.0301
37400 0.0002 -0.030218
37500 0.0002 -0.0303256
37600 0.0002 -0.0304385
37700 0.0002 -0.0305563
37800 0.0002 -0.0306716
37900 0.0002 -0.0307893
38000 0.0002 -0.0309021
38100 0.0002 -0.0310195
38200 0.0002 -0.0311342
38300 0.0002 -0.0312465
38400 0.0002 -0.0313586
38500 0.0002 -0.0314744
38600 0.0002 -0.0315879
38700 0.0002 -0.0316983
38800 0.0002 -0.031803
38900 0.0002 -0.031906
39000 0.0002 -0.0320073
39100 0.0002 -0.0321123
39200 0.0002 -0.0322199
39300 0.0002 -0.0323236
39400 0.0002 -0.032425
39500 0.0002 -0.0325274
39600 0.0002 -0.0326302
39700 0.0002 -0.03273
39800 0.0002 -0.032828
39900 0.0002 -0.0329226
40000 0.0002 -0.0330199
40100 0.0002 -0.0331205
40200 0.0002 -0.0332214
40300 0.0002 -0.033321
40400 0.0002 -0.0334148
40500 0.0002 -0.0335064
40600 0.0002 -0.0335996
40700 0.0002 -0.0336979
40800 0.0002 -0.0337949
40900 0.0002 -0.0338857
41000 0.0002 -0.0339801
41100 0.0002 -0.0340748
41200 0.0002 -0.0341657
41300 0.0002 -0.0342614
41400 0.0002 -0.0343547
41500 0.0002 -0.034443
41600 0.0002 -0.0345301
41700 0.0002 -0.0346185
41800 0.0002 -0.0347059
41900 0.0002 -0.0347938
42000 0.0002 -0.0348818
42100 0.0002 -0.0349671
42200 0.0002 -0.0350503
42300 0.0002 -0.0351369
42400 0.0002 -0.0352237
42500 0.0002 -0.0353074
42600 0.0002 -0.0353872
42700 0.0002 -0.0354698
42800 0.0002 -0.0355561
42900 0.0002 -0.0356426
43000 0.0002 -0.0357215
43100 0.0002 -0.0358045
43200 0.0002 -0.0358872
43300 0.0002 -0.03597
43400 0.0002 -0.0360542
43500 0.0002 -0.0361399
43600 0.0002 -0.0362233
43700 0.0002 -0.0363054
43800 0.0002 -0.0363883
43900 0.0002 -0.03647
44000 0.0002 -0.0365518
44100 0.0002 -0.0366358
44200 0.0002 -0.0367219
44300 0.0002 -0.0368053
44400 0.0002 -0.0368854
44500 0.0002 -0.036966
44600 0.0002 -0.0370498
44700 0.0002 -0.0371293
44800 0.0002 -0.0372072
44900 0.0002 -0.0372876
45000 0.0002 -0.0373663
45100 0.0002 -0.0374447
45200 0.0002 -0.0375246
45300 0.0002 -0.0376048
45400 0.0002 -0.037683
45500 0.0002 -0.0377554
45600 0.0002 -0.0378353
45700 0.0002 -0.0379152
45800 0.0002 -0.0379969
45900 0.0002 -0.0380796
46000 0.0002 -0.0381554
46100 0.0002 -0.0382336
46200 0.0002 -0.0383112
46300 0.0002 -0.0383903
46400 0.0002 -0.0384707
46500 0.0002 -0.0385559
46600 0.0002 -0.0386425
46700 0.0002 -0.0387238
46800 0.0002 -0.0388033
46900 0.0002 -0.0388825
47000 0.0002 -0.0389628
47100 0.0002 -0.0390486
47200 0.0002 -0.039132
47300 0.0002 -0.039215
47400 0.0002 -0.0393015
47500 0.0002 -0.0393888
47600 0.0002 -0.0394801
47700 0.0002 -0.0395691
47800 0.0002 -0.0396571
47900 0.0002 -0.0397418
48000 0.0002 -0.0398264
48100 0.0002 -0.0399139
48200 0.0002 -0.0400047
48300 0.0002 -0.0400949
48400 0.0002 -0.0401862
48500 0.0002 -0.0402767
48600 0.0002 -0.0403662
48700 0.0002 -0.040449
48800 0.0002 -0.0405311
48900 0.0002 -0.0405899
49000 0.0002 -0.0406036
49100 0.0002 -0.0405501
49200 0.0002 -0.0404269
49300 0.0002 -0.0402752
49400 0.0002 -0.0401607
49500 0.0002 -0.0401026
49600 0.0002 -0.0400431
49700 0.0002 -0.0399481
49800 0.0002 -0.0398632
49900 0.0002 -0.0398167
50000 0.0002 -0.0397493
50100 0.0002 -0.0396708
50200 0.0002 -0.0396253
50300 0.0002 -0.0395695
50400 0.0002 -0.0395106
50500 0.0002 -0.03947
50600 0.0002 -0.0394134
50700 0.0002 -0.0393699
50800 0.0002 -0.03933
50900 0.0002 -0.0392871
51000 0.0002 -0.0392597
51100 0.0002 -0.0392135
51200 0.0002 -0.0391873
51300 0.0002 -0.0391505
51400 0.0002 -0.0391266
51500 0.0002 -0.0390974
51600 0.0002 -0.0390761
51700 0.0002 -0.0390513
51800 0.0002 -0.0390353
51900 0.0002 -0.0390188
52000 0.0002 -0.0390026
52100 0.0002 -0.0389844
52200 0.0002 -0.038976
52300 0.0002 -0.038961
52400 0.0002 -0.0389545
52500 0.0002 -0.0389421
52600 0.0002 -0.0389276
52700 0.0002 -0.0389156
52800 0.0002 -0.0389055
52900 0.0002 -0.038896
53000 0.0002 -0.0388842
53100 0.0002 -0.0388768
53200 0.0002 -0.0388656
53300 0.0002 -0.0388612
53400 0.0002 -0.0388618
53500 0.0002 -0.0388582
53600 0.0002 -0.038854
53700 0.0002 -0.0388509
53800 0.0002 -0.0388453
53900 0.0002 -0.0388412
54000 0.0002 -0.0388439
