# Fix print output for fix 5
0.000199999999999877 -0.0482456370815774
0.000199999999999877 -0.0481940354012995
0.000199999999999877 -0.0481429520550614
0.000199999999999877 -0.0480824934136242
0.000199999999999877 -0.0480270674908699
0.000199999999999877 -0.0479781219408832
0.000199999999999877 -0.0479258513135987
0.000199999999999877 -0.0478755393612602
0.000199999999999877 -0.0478186540937426
0.000199999999999877 -0.0477588826099664
0.000199999999999877 -0.0477026765708203
0.000199999999999877 -0.0476505803374795
0.000199999999999877 -0.0475969139320683
0.000199999999999877 -0.0475332620049604
0.000199999999999877 -0.0474762404732324
0.000199999999999877 -0.0474222224881658
0.000199999999999877 -0.0473676817465364
0.000199999999999877 -0.0473148728823136
0.000199999999999877 -0.0472604879535053
0.000199999999999877 -0.0472098401707124
0.000199999999999877 -0.0471534912746878
0.000199999999999877 -0.0471004064908523
0.000199999999999877 -0.0470570166828033
0.000199999999999877 -0.0470110051745862
0.000199999999999877 -0.0469617883062073
0.000199999999999877 -0.0469251598392035
0.000199999999999877 -0.046887932348064
0.000199999999999877 -0.0468476971774113
0.000199999999999877 -0.0468131811996598
0.000199999999999877 -0.0467827213360487
0.000199999999999877 -0.046747625148942
0.000199999999999877 -0.0467247532545497
0.000199999999999877 -0.0466996987135434
0.000199999999999877 -0.0466707369359826
0.000199999999999877 -0.0466494746591523
0.000199999999999877 -0.0466268983276561
0.000199999999999877 -0.0466103693481896
0.000199999999999877 -0.046596243136015
0.000199999999999877 -0.046581049633198
0.000199999999999877 -0.0465679645385907
0.000199999999999877 -0.0465543368714024
0.000199999999999877 -0.0465518103724319
0.000199999999999877 -0.0465508097534272
0.000199999999999877 -0.046550666134587
0.000199999999999877 -0.0465469844881039
0.000199999999999877 -0.0465440344363762
0.000199999999999877 -0.0465466807402665
0.000199999999999877 -0.046552212430223
0.000199999999999877 -0.0465550898970076
0.000199999999999877 -0.0465577491865907
0.000199999999999877 -0.0463358935755594
0.000199999999999877 -0.0461103945684447
0.000199999999999877 -0.0458760335226684
0.000199999999999877 -0.0456471074149029
0.000199999999999877 -0.0454241724219794
0.000199999999999877 -0.0452040039409496
0.000199999999999877 -0.0449861190190909
0.000199999999999877 -0.0447653392428993
0.000199999999999877 -0.0445481622948669
0.000199999999999877 -0.0443254451110474
0.000199999999999877 -0.0441056583879841
0.000199999999999877 -0.0438844645225164
0.000199999999999877 -0.0436668809875404
0.000199999999999877 -0.043450952607783
0.000199999999999877 -0.0432404808038512
0.000199999999999877 -0.0430220401330099
0.000199999999999877 -0.0428069488483311
0.000199999999999877 -0.0425921011706624
0.000199999999999877 -0.0423744342065264
0.000199999999999877 -0.0421556842563349
0.000199999999999877 -0.0419421732440142
0.000199999999999877 -0.0417333407994996
0.000199999999999877 -0.0415206259817294
0.000199999999999877 -0.041304470326989
0.000199999999999877 -0.0410940295216421
0.000199999999999877 -0.0408871942790579
0.000199999999999877 -0.0406756544579184
0.000199999999999877 -0.0404640956436137
0.000199999999999877 -0.0402504893753522
0.000199999999999877 -0.0400381239012889
0.000199999999999877 -0.0398300044186225
0.000199999999999877 -0.0396236893677965
0.000199999999999877 -0.0394184563489732
0.000199999999999877 -0.0392063949195985
0.000199999999999877 -0.0390038051888337
0.000199999999999877 -0.0387987143590061
0.000199999999999877 -0.0385849297039768
0.000199999999999877 -0.0383807772219719
0.000199999999999877 -0.0381787558800022
0.000199999999999877 -0.0379761112801536
0.000199999999999877 -0.0377740158327433
0.000199999999999877 -0.0375723046366673
0.000199999999999877 -0.0373706253278206
0.000199999999999877 -0.0371684039540245
0.000199999999999877 -0.0369762932610248
0.000199999999999877 -0.0367743121456359
0.000199999999999877 -0.0365846877387765
0.000199999999999877 -0.0363906264398771
0.000199999999999877 -0.0361962081268159
0.000199999999999877 -0.0360044823200189
0.000199999999999877 -0.0358109688217083
0.000199999999999877 -0.0356227024357528
0.000199999999999877 -0.0354324421386114
0.000199999999999877 -0.0352460310022567
0.000199999999999877 -0.0350637717521227
0.000199999999999877 -0.0348821201984322
0.000199999999999877 -0.0346983559606815
0.000199999999999877 -0.0345173449138078
0.000199999999999877 -0.0343384816307486
0.000199999999999877 -0.0341564272688822
0.000199999999999877 -0.033971470369495
0.000199999999999877 -0.0337939241493214
0.000199999999999877 -0.0336137103251982
0.000199999999999877 -0.033430150726347
0.000199999999999877 -0.0332503633215865
0.000199999999999877 -0.0330709630146714
0.000199999999999877 -0.0328929430983407
0.000199999999999877 -0.0327182347394345
0.000199999999999877 -0.0325555437716778
0.000199999999999877 -0.0323789977266632
0.000199999999999877 -0.032208232058767
0.000199999999999877 -0.0320326193469872
0.000199999999999877 -0.0318621810631714
0.000199999999999877 -0.0316939890766614
0.000199999999999877 -0.0315251850945844
0.000199999999999877 -0.0313561229588989
0.000199999999999877 -0.0311926168350782
0.000199999999999877 -0.0310311680505417
0.000199999999999877 -0.0308671532982412
0.000199999999999877 -0.0307066402835517
0.000199999999999877 -0.0305448721766619
0.000199999999999877 -0.0303804094887643
0.000199999999999877 -0.0302164093777335
0.000199999999999877 -0.0300585084640956
0.000199999999999877 -0.0298972120059686
0.000199999999999877 -0.0297374625071847
0.000199999999999877 -0.0295821922072683
0.000199999999999877 -0.0294262435627218
0.000199999999999877 -0.0292671611190193
0.000199999999999877 -0.0291111985805582
0.000199999999999877 -0.0289521480890154
0.000199999999999877 -0.0287928709244654
0.000199999999999877 -0.0286345422204881
0.000199999999999877 -0.0284780354645149
0.000199999999999877 -0.0283244682825607
0.000199999999999877 -0.0281766515443004
0.000199999999999877 -0.02802392082425
0.000199999999999877 -0.0278736027753063
0.000199999999999877 -0.027718791474794
0.000199999999999877 -0.0275702382724178
0.000199999999999877 -0.0274232782793628
0.000199999999999877 -0.0272765654024509
0.000199999999999877 -0.027130066996417
0.000199999999999877 -0.0269829704063895
0.000199999999999877 -0.0268417090703489
0.000199999999999877 -0.026699568673965
0.000199999999999877 -0.0265527943931604
0.000199999999999877 -0.0264093283721723
0.000199999999999877 -0.0262653884266572
0.000199999999999877 -0.0261222920831003
0.000199999999999877 -0.0259819797868357
0.000199999999999877 -0.0258407938463914
0.000199999999999877 -0.025694236624136
0.000199999999999877 -0.0255553037214544
0.000199999999999877 -0.025420227068685
0.000199999999999877 -0.0252814644323802
0.000199999999999877 -0.0251433703269006
0.000199999999999877 -0.0250069387532982
0.000199999999999877 -0.0248727616396337
0.000199999999999877 -0.0247429598073407
0.000199999999999877 -0.0246079092874545
0.000199999999999877 -0.0244759629336853
0.000199999999999877 -0.0243430910085883
0.000199999999999877 -0.0242135250200681
0.000199999999999877 -0.0240862283703967
0.000199999999999877 -0.0239580072144327
0.000199999999999877 -0.0238364036754061
0.000199999999999877 -0.0237083038172689
0.000199999999999877 -0.0235850480291111
0.000199999999999877 -0.0234601932868606
0.000199999999999877 -0.0233323839408027
0.000199999999999877 -0.0232088931797037
0.000199999999999877 -0.023086381619406
0.000199999999999877 -0.0229669204407662
0.000199999999999877 -0.0228517150253665
0.000199999999999877 -0.0227316117607626
0.000199999999999877 -0.0226119299045192
0.000199999999999877 -0.0224928872004451
0.000199999999999877 -0.0223759648637739
0.000199999999999877 -0.0222555620770819
0.000199999999999877 -0.0221459362693631
0.000199999999999877 -0.0220345346871158
0.000199999999999877 -0.0219133103175021
0.000199999999999877 -0.0217964484500608
0.000199999999999877 -0.021678603429968
0.000199999999999877 -0.0215609512484335
0.000199999999999877 -0.0214479434530366
0.000199999999999877 -0.0213335618846762
0.000199999999999877 -0.0212171797578205
0.000199999999999877 -0.021099253832839
0.000199999999999877 -0.0209859370870758
0.000199999999999877 -0.0208751313532447
0.000199999999999877 -0.0207640274111671
0.000199999999999877 -0.0206501474474898
0.000199999999999877 -0.0205367243469619
0.000199999999999877 -0.0204219180778804
0.000199999999999877 -0.0203088949866889
0.000199999999999877 -0.0201957591561912
0.000199999999999877 -0.0200840629426347
0.000199999999999877 -0.0199659965446674
0.000199999999999877 -0.0198529491421642
0.000199999999999877 -0.0197433547521312
0.000199999999999877 -0.0196280223620935
0.000199999999999877 -0.0195141550162941
0.000199999999999877 -0.0194042334929355
0.000199999999999877 -0.0192941266868623
0.000199999999999877 -0.0191854093030932
0.000199999999999877 -0.0190856226568488
0.000199999999999877 -0.018996009401125
0.000199999999999877 -0.0189679201422751
0.000199999999999877 -0.0190314706735038
0.000199999999999877 -0.0191754896250712
0.000199999999999877 -0.0193114167371011
0.000199999999999877 -0.0193791767318594
0.000199999999999877 -0.0194569427580705
0.000199999999999877 -0.019572623107312
0.000199999999999877 -0.0196376402616683
0.000199999999999877 -0.0197154937173265
0.000199999999999877 -0.0197988935644905
0.000199999999999877 -0.0198650128391764
0.000199999999999877 -0.0199501836362594
0.000199999999999877 -0.0200046999706072
0.000199999999999877 -0.0200835740905584
0.000199999999999877 -0.0201377048373832
0.000199999999999877 -0.0202107956886692
0.000199999999999877 -0.0202698967697065
0.000199999999999877 -0.0203421534672632
0.000199999999999877 -0.020396155816002
0.000199999999999877 -0.0204497483748913
0.000199999999999877 -0.0205058324389498
0.000199999999999877 -0.0205488273914413
0.000199999999999877 -0.0206120554374363
0.000199999999999877 -0.0206567870912081
0.000199999999999877 -0.0207017162558008
0.000199999999999877 -0.0207502241025002
0.000199999999999877 -0.0207908349106099
0.000199999999999877 -0.0208275579774334
0.000199999999999877 -0.0208697010489012
0.000199999999999877 -0.0209075195295748
0.000199999999999877 -0.0209421752389199
0.000199999999999877 -0.0209819523525171
0.000199999999999877 -0.0210163763371899
0.000199999999999877 -0.0210461684135902
0.000199999999999877 -0.0210802942023267
0.000199999999999877 -0.0211154315990836
0.000199999999999877 -0.0211543610903165
0.000199999999999877 -0.0211912600329256
0.000199999999999877 -0.0212218586392325
0.000199999999999877 -0.021251842710488
0.000199999999999877 -0.0212858171753643
0.000199999999999877 -0.0213212057551636
0.000199999999999877 -0.0213536773474603
0.000199999999999877 -0.0213826134132274
0.000199999999999877 -0.0214157808031912
0.000199999999999877 -0.0214431080785357
0.000199999999999877 -0.021474110750717
0.000199999999999877 -0.0215060188703946
0.000199999999999877 -0.0215355535400124
0.000199999999999877 -0.0215629471198336
0.000199999999999877 -0.0215889687426499
0.000199999999999877 -0.0216222314295999
0.000199999999999877 -0.0216546025800753
0.000199999999999877 -0.0216837275394934
0.000199999999999877 -0.0217085718521312
0.000199999999999877 -0.0217424518988854
0.000199999999999877 -0.0217723612245854
0.000199999999999877 -0.0217987789698484
0.000199999999999877 -0.0218345424165721
0.000199999999999877 -0.0218637456262835
0.000199999999999877 -0.0218978363148732
0.000199999999999877 -0.0219314050557581
0.000199999999999877 -0.0219648091868908
0.000199999999999877 -0.0219948905766174
0.000199999999999877 -0.0220297236185568
0.000199999999999877 -0.0220657978747476
0.000199999999999877 -0.0220985758973631
0.000199999999999877 -0.0221315125699782
0.000199999999999877 -0.0221603899932339
0.000199999999999877 -0.0221906625156369
0.000199999999999877 -0.0222199295410675
0.000199999999999877 -0.0222452673396614
0.000199999999999877 -0.0222746845118392
0.000199999999999877 -0.0223005712971111
0.000199999999999877 -0.0223229915143833
0.000199999999999877 -0.02234390453991
0.000199999999999877 -0.0223633133959011
0.000199999999999877 -0.0223731287524196
0.000199999999999877 -0.0223888877114064
0.000199999999999877 -0.0224084552197804
0.000199999999999877 -0.0224167311740457
0.000199999999999877 -0.0224227745635118
0.000199999999999877 -0.0224304453799732
0.000199999999999877 -0.0224334300474192
0.000199999999999877 -0.0224355911296249
0.000199999999999877 -0.022439473775466
0.000199999999999877 -0.0224359287761992
0.000199999999999877 -0.0224273269548489
0.000199999999999877 -0.0224234348254397
0.000199999999999877 -0.0224106432874285
0.000199999999999877 -0.0223989968558365
0.000199999999999877 -0.0223834942738046
0.000199999999999877 -0.0223670434298702
0.000199999999999877 -0.022348859378328
0.000199999999999877 -0.0223281020974947
0.000199999999999877 -0.0223102722579274
0.000199999999999877 -0.0222932624917648
0.000199999999999877 -0.0222730119205063
0.000199999999999877 -0.022253202102053
0.000199999999999877 -0.0222568978307774
0.000199999999999877 -0.0223051851986667
0.000199999999999877 -0.0224458445850787
0.000199999999999877 -0.0226704182827798
0.000199999999999877 -0.0228974610961307
0.000199999999999877 -0.0230498665934213
0.000199999999999877 -0.0232072630117132
0.000199999999999877 -0.023402930741368
0.000199999999999877 -0.0235569662148221
0.000199999999999877 -0.023720766863412
0.000199999999999877 -0.0238997051581997
0.000199999999999877 -0.0240470771362933
0.000199999999999877 -0.0242257886266375
0.000199999999999877 -0.0243712304955652
0.000199999999999877 -0.0245415558643395
0.000199999999999877 -0.0246881603037281
0.000199999999999877 -0.0248534000417684
0.000199999999999877 -0.0250001019730892
0.000199999999999877 -0.0251659754901173
0.000199999999999877 -0.0253221879237446
0.000199999999999877 -0.0254778932407978
0.000199999999999877 -0.0256351977997821
0.000199999999999877 -0.025785818205718
0.000199999999999877 -0.0259438499505075
0.000199999999999877 -0.026092003566521
0.000199999999999877 -0.0262384348337511
0.000199999999999877 -0.0263899424898045
0.000199999999999877 -0.0265344655916501
0.000199999999999877 -0.0266775718501485
0.000199999999999877 -0.0268319063771747
0.000199999999999877 -0.0269785910577255
0.000199999999999877 -0.0271240719644774
0.000199999999999877 -0.0272692283651697
0.000199999999999877 -0.0274127160358985
0.000199999999999877 -0.0275551122853366
0.000199999999999877 -0.027692261364712
0.000199999999999877 -0.0278332702157387
0.000199999999999877 -0.0279752305262558
0.000199999999999877 -0.0281137801452639
0.000199999999999877 -0.0282524567552065
0.000199999999999877 -0.0283825955237139
0.000199999999999877 -0.0285157998597952
0.000199999999999877 -0.0286547804913813
0.000199999999999877 -0.028792407420701
0.000199999999999877 -0.028921544981348
0.000199999999999877 -0.0290497313826635
0.000199999999999877 -0.0291759676174198
0.000199999999999877 -0.0293017286923872
0.000199999999999877 -0.0294267907162405
0.000199999999999877 -0.0295517582049847
0.000199999999999877 -0.0296761527867494
0.000199999999999877 -0.0298004133980171
0.000199999999999877 -0.0299235093424169
0.000199999999999877 -0.030042234146191
0.000199999999999877 -0.0301573207449223
0.000199999999999877 -0.0302716813960474
0.000199999999999877 -0.0303792260652262
0.000199999999999877 -0.0304964104116677
0.000199999999999877 -0.0306106821618463
0.000199999999999877 -0.030730295804747
0.000199999999999877 -0.030844831635869
0.000199999999999877 -0.0309579017657987
0.000199999999999877 -0.0310778027784753
0.000199999999999877 -0.0311906349215839
0.000199999999999877 -0.0313005903711208
0.000199999999999877 -0.0314155602672669
0.000199999999999877 -0.0315329040279907
0.000199999999999877 -0.0316410680918707
0.000199999999999877 -0.0317513573224882
0.000199999999999877 -0.0318536144658974
0.000199999999999877 -0.0319549719249246
0.000199999999999877 -0.0320575407767788
0.000199999999999877 -0.0321657566175323
0.000199999999999877 -0.032272686300773
0.000199999999999877 -0.0323745299874014
0.000199999999999877 -0.0324740047844334
0.000199999999999877 -0.0325765971218912
0.000199999999999877 -0.032680656806068
0.000199999999999877 -0.0327761566833964
0.000199999999999877 -0.0328761510531455
0.000199999999999877 -0.0329695004331758
0.000199999999999877 -0.0330689634218126
0.000199999999999877 -0.0331701260574816
0.000199999999999877 -0.0332725744040947
0.000199999999999877 -0.0333655216934329
0.000199999999999877 -0.0334612999431526
0.000199999999999877 -0.0335531422393643
0.000199999999999877 -0.0336472727108498
0.000199999999999877 -0.0337456058383399
0.000199999999999877 -0.0338382134602803
0.000199999999999877 -0.0339327576657076
0.000199999999999877 -0.034027788695159
0.000199999999999877 -0.0341207888550649
0.000199999999999877 -0.0342148603710825
0.000199999999999877 -0.0343084734365077
0.000199999999999877 -0.0343996047562616
0.000199999999999877 -0.0344877285656858
0.000199999999999877 -0.0345738103327411
0.000199999999999877 -0.034662114659357
0.000199999999999877 -0.0347490623317978
0.000199999999999877 -0.0348381118676873
0.000199999999999877 -0.034925457142682
0.000199999999999877 -0.0350081166826595
0.000199999999999877 -0.0350923428698226
0.000199999999999877 -0.0351801262266416
0.000199999999999877 -0.035266400910646
0.000199999999999877 -0.0353474675598818
0.000199999999999877 -0.0354270958052332
0.000199999999999877 -0.0355133086875112
0.000199999999999877 -0.035597389102391
0.000199999999999877 -0.0356822054602795
0.000199999999999877 -0.0357627186878957
0.000199999999999877 -0.0358454458192613
0.000199999999999877 -0.0359273002952616
0.000199999999999877 -0.0360105838850978
0.000199999999999877 -0.0360982637301956
0.000199999999999877 -0.0361802151026261
0.000199999999999877 -0.0362636169561282
0.000199999999999877 -0.0363460842175991
0.000199999999999877 -0.0364299278462284
0.000199999999999877 -0.0365098149994301
0.000199999999999877 -0.0365928350306947
0.000199999999999877 -0.0366792305309954
0.000199999999999877 -0.0367642493666138
0.000199999999999877 -0.0368446004359498
0.000199999999999877 -0.0369265774318632
0.000199999999999877 -0.0370061797707301
0.000199999999999877 -0.0370899546772382
0.000199999999999877 -0.0371673802581324
0.000199999999999877 -0.0372460898583825
0.000199999999999877 -0.0373256790373926
0.000199999999999877 -0.0374042523670498
0.000199999999999877 -0.0374855140435746
0.000199999999999877 -0.0375646592809009
0.000199999999999877 -0.0376431570397219
0.000199999999999877 -0.0377186333326084
0.000199999999999877 -0.0377951194610074
0.000199999999999877 -0.0378748748596064
0.000199999999999877 -0.0379533350839928
0.000199999999999877 -0.0380384460620379
0.000199999999999877 -0.0381170932687865
0.000199999999999877 -0.0381937561001376
0.000199999999999877 -0.0382722672332686
0.000199999999999877 -0.0383507697062728
0.000199999999999877 -0.0384286049872799
0.000199999999999877 -0.0385115460347733
0.000199999999999877 -0.0385988343757547
0.000199999999999877 -0.0386826253226806
0.000199999999999877 -0.0387621622373664
0.000199999999999877 -0.0388439176233136
0.000199999999999877 -0.0389193478326454
0.000199999999999877 -0.0390066471392295
0.000199999999999877 -0.0390889897306046
0.000199999999999877 -0.0391738668953913
0.000199999999999877 -0.0392566664094567
0.000199999999999877 -0.0393436002910739
0.000199999999999877 -0.0394341454123167
0.000199999999999877 -0.0395250698935099
0.000199999999999877 -0.0396123059257155
0.000199999999999877 -0.0396986671814694
0.000199999999999877 -0.0397836184035975
0.000199999999999877 -0.0398686353095019
0.000199999999999877 -0.0399592241550845
0.000199999999999877 -0.0400509633446918
0.000199999999999877 -0.0401378850252837
0.000199999999999877 -0.0402314299033704
0.000199999999999877 -0.0403206716576961
0.000199999999999877 -0.0404068872866244
0.000199999999999877 -0.040489980318053
0.000199999999999877 -0.0405664511307117
0.000199999999999877 -0.0406073195474972
0.000199999999999877 -0.0405900415362073
0.000199999999999877 -0.0404995455464593
0.000199999999999877 -0.0403506635811621
0.000199999999999877 -0.0402065470060931
0.000199999999999877 -0.0401275697510266
0.000199999999999877 -0.0400780027407556
0.000199999999999877 -0.0399989047695806
0.000199999999999877 -0.0398997091718218
0.000199999999999877 -0.0398374037962581
0.000199999999999877 -0.0397909655879855
0.000199999999999877 -0.039706427475386
0.000199999999999877 -0.039646143080584
0.000199999999999877 -0.0396036155252575
0.000199999999999877 -0.0395345525096913
0.000199999999999877 -0.0394929209847702
0.000199999999999877 -0.0394427987843524
0.000199999999999877 -0.0393865826968668
0.000199999999999877 -0.0393562072360318
0.000199999999999877 -0.0393043248269383
0.000199999999999877 -0.0392764982842463
0.000199999999999877 -0.039236900391852
0.000199999999999877 -0.0391993045815969
0.000199999999999877 -0.0391683342384898
0.000199999999999877 -0.0391342450128829
0.000199999999999877 -0.0391159215275877
0.000199999999999877 -0.0390839221230633
0.000199999999999877 -0.0390659399835162
0.000199999999999877 -0.0390388825324502
0.000199999999999877 -0.0390306976316281
0.000199999999999877 -0.0390099090473343
0.000199999999999877 -0.0389927666927662
0.000199999999999877 -0.0389808304394315
0.000199999999999877 -0.038966176956947
0.000199999999999877 -0.0389600849566558
0.000199999999999877 -0.0389463302044162
0.000199999999999877 -0.0389383993587746
0.000199999999999877 -0.0389171071353456
0.000199999999999877 -0.0389137605432577
0.000199999999999877 -0.0389010764870509
0.000199999999999877 -0.0388891956399804
0.000199999999999877 -0.0388833157332642
0.000199999999999877 -0.0388681702500277
0.000199999999999877 -0.0388644436612045
0.000199999999999877 -0.0388615773964244
0.000199999999999877 -0.0388578845410004
0.000199999999999877 -0.0388591609798667
0.000199999999999877 -0.0388526099231657
0.000199999999999877 -0.0388464363540209
0.000199999999999877 -0.0388438786092824
0.000199999999999877 -0.038840493063166
0.000199999999999877 -0.0388431189943502
