#	Fix	print				
100	5431.086	-29664107901	0.0002	-0.046320348	0.003679652	0.003679652
200	5431.385736	-25235698685	0.0002552	-0.03940541	0.01059459	0.01059459
300	5431.385736	-20889112249	0.0002552	-0.032618238	0.017381762	0.017381762
400	5431.626828	-16613297277	0.0002996	-0.025941576	0.024058424	0.024058424
500	5431.864662	-12405423075	0.0003434	-0.019371003	0.030628997	0.030628997
600	5431.864662	-8260444254	0.0003434	-0.01289864	0.03710136	0.03710136
700	5432.102496	-4195537486	0.0003872	-0.00655131	0.04344869	0.04344869
800	5432.333814	-187693683.5	0.0004298	-0.000293083	0.049706917	0.049706917
900	5432.333814	3751948031	0.0004298	0.005858647	0.055858647	0.055858647
1000	5432.570019	7588390651	0.0004733	0.011849232	0.061849232	0.061849232
1100	5432.802966	11293863890	0.0005162	0.017635309	0.067635309	0.067635309
1200	5433.035913	14893544003	0.0005591	0.02325619	0.07325619	0.07325619
1300	5433.035913	18365497157	0.0005591	0.028677627	0.078677627	0.078677627
1400	5433.265602	21720424442	0.0006014	0.033916328	0.083916328	0.083916328
1500	5433.49692	24953267252	0.000644	0.038964395	0.088964395	0.088964395
1600	5433.49692	28057138298	0.000644	0.043811073	0.093811073	0.093811073
1700	5433.729867	31054283471	0.0006869	0.0484911	0.0984911	0.0984911
1800	5433.959556	33916081301	0.0007292	0.052959782	0.102959782	0.102959782
1900	5433.959556	36669852848	0.0007292	0.057259782	0.107259782	0.107259782
2000	5434.189245	39381531228	0.0007715	0.061494053	0.111494053	0.111494053
2100	5434.410789	42065234567	0.0008123	0.065684642	0.115684642	0.115684642
2200	5434.624188	44711325581	0.0008516	0.069816499	0.119816499	0.119816499
2300	5434.624188	47338550296	0.0008516	0.073918896	0.123918896	0.123918896
2400	5434.837587	49943596157	0.0008909	0.077986662	0.127986662	0.127986662
2500	5435.059131	52505270044	0.0009317	0.081986702	0.131986702	0.131986702
2600	5435.277417	55043857140	0.0009719	0.085950692	0.135950692	0.135950692
2700	5435.277417	57477949674	0.0009719	0.089751515	0.139751515	0.139751515
2800	5435.495703	57584220231	0.0010121	0.089917456	0.139917456	0.139917456
2900	5435.676522	57784257716	0.0010454	0.090229813	0.140229813	0.140229813
3000	5435.85897	58062993927	0.001079	0.090665058	0.140665058	0.140665058
3100	5436.041418	58430304445	0.0011126	0.091238612	0.141238612	0.141238612
3200	5436.225495	58862889124	0.0011465	0.091914091	0.141914091	0.141914091
3300	5436.41283	59366833900	0.001181	0.092700998	0.142700998	0.142700998
3400	5436.611568	59267992620	0.0012176	0.092546658	0.142546658	0.142546658
3500	5436.751662	58106781527	0.0012434	0.090733433	0.140733433	0.140733433
3600	5436.908046	57443801587	0.0012722	0.089698193	0.139698193	0.139698193
3700	5437.095381	57257682649	0.0013067	0.089407569	0.139407569	0.139407569
3800	5437.095381	57405088091	0.0013067	0.089637742	0.139637742	0.139637742
3900	5437.279458	57741219503	0.0013406	0.090162609	0.140162609	0.140162609
4000	5437.460277	58250952787	0.0013739	0.090958555	0.140958555	0.140958555
4100	5437.641096	58908560127	0.0014072	0.091985406	0.141985406	0.141985406
4200	5437.83006	59717879702	0.001442	0.093249154	0.143249154	0.143249154
4300	5438.02554	60691975020	0.001478	0.094770199	0.144770199	0.144770199
4400	5438.235681	61863650393	0.0015167	0.096599763	0.146599763	0.146599763
4500	5438.235681	63260170175	0.0015167	0.098780422	0.148780422	0.148780422
4600	5438.440935	64869002865	0.0015545	0.101292605	0.151292605	0.151292605
4700	5438.724381	66617230546	0.0016067	0.104022454	0.154022454	0.154022454
4800	5438.859588	68461128265	0.0016316	0.10690169	0.15690169	0.15690169
4900	5439.004569	70396359971	0.0016583	0.109923544	0.159923544	0.159923544
5000	5439.159324	72399420176	0.0016868	0.113051312	0.163051312	0.163051312
5100	5439.318966	74474842947	0.0017162	0.116292074	0.166292074	0.166292074
5200	5439.472092	76652808058	0.0017444	0.119692955	0.169692955	0.169692955
5300	5439.641508	78752164369	0.0017756	0.122971089	0.172971089	0.172971089
5400	5439.819069	80895970928	0.0018083	0.126318631	0.176318631	0.176318631
5500	5440.006404	85094885390	0.0018428	0.132875214	0.182875214	0.182875214
5600	5440.177449	89041523583	0.0018743	0.139037869	0.189037869	0.189037869
5700	5440.369671	92797404891	0.0019097	0.144902658	0.194902658	0.194902658
5800	5440.369671	96399023975	0.0019097	0.150526567	0.200526567	0.200526567
5900	5440.542345	99844641689	0.0019415	0.155906881	0.205906881	0.205906881
6000	5440.71339	1.03E+11	0.001973	0.161050246	0.211050246	0.211050246
6100	5440.912128	1.06E+11	0.0020096	0.165933097	0.215933097	0.215933097
6200	5441.109237	1.09E+11	0.0020459	0.170637625	0.220637625	0.220637625
6300	5441.317749	1.12E+11	0.0020843	0.175158665	0.225158665	0.225158665
6400	5441.317749	1.15E+11	0.0020843	0.179515711	0.229515711	0.229515711
6500	5441.518116	1.18E+11	0.0021212	0.183758936	0.233758936	0.233758936
6600	5441.728257	1.20E+11	0.0021599	0.188001345	0.238001345	0.238001345
6700	5441.943285	1.23E+11	0.0021995	0.192279767	0.242279767	0.242279767
6800	5442.161571	1.26E+11	0.0022397	0.196338351	0.246338351	0.246338351
6900	5442.161571	1.28E+11	0.0022397	0.200569972	0.250569972	0.250569972
7000	5442.371712	1.31E+11	0.0022784	0.204898788	0.254898788	0.254898788
7100	5442.588369	1.34E+11	0.0023183	0.2092886	0.2592886	0.2592886
7200	5442.588369	1.37E+11	0.0023183	0.213632828	0.263632828	0.263632828
7300	5442.821316	1.40E+11	0.0023612	0.217930693	0.267930693	0.267930693
7400	5443.070553	1.42E+11	0.0024071	0.222221706	0.272221706	0.272221706
7500	5443.3035	1.45E+11	0.00245	0.226510748	0.276510748	0.276510748
7600	5443.3035	1.48E+11	0.00245	0.230761628	0.280761628	0.280761628
7700	5443.551108	1.50E+11	0.0024956	0.235001261	0.285001261	0.285001261
7800	5443.785684	1.53E+11	0.0025388	0.239295847	0.289295847	0.289295847
7900	5443.785684	1.56E+11	0.0025388	0.243588677	0.293588677	0.293588677
8000	5444.008857	1.59E+11	0.0025799	0.247751124	0.297751124	0.297751124
8100	5444.223885	1.61E+11	0.0026195	0.251274099	0.301274099	0.301274099
8200	5444.414478	1.61E+11	0.0026546	0.251457552	0.301457552	0.301457552
8300	5444.582265	1.61E+11	0.0026855	0.251918903	0.301918903	0.301918903
8400	5444.73702	1.62E+11	0.002714	0.252554628	0.302554628	0.302554628
8500	5444.89992	1.62E+11	0.002744	0.253366781	0.303366781	0.303366781
8600	5445.067707	1.63E+11	0.0027749	0.254300074	0.304300074	0.304300074
8700	5445.237123	1.64E+11	0.0028061	0.255309707	0.305309707	0.305309707
8800	5445.398394	1.64E+11	0.0028358	0.256428045	0.306428045	0.306428045
8900	5445.55152	1.65E+11	0.002864	0.257614329	0.307614329	0.307614329
9000	5445.703017	1.66E+11	0.0028919	0.258904571	0.308904571	0.308904571
9100	5445.859401	1.67E+11	0.0029207	0.260268598	0.310268598	0.310268598
9200	5446.020672	1.68E+11	0.0029504	0.261750817	0.311750817	0.311750817
9300	5446.185201	1.69E+11	0.0029807	0.263338407	0.313338407	0.313338407
9400	5446.361133	1.70E+11	0.0030131	0.265093121	0.315093121	0.315093121
9500	5446.543581	1.71E+11	0.0030467	0.267008208	0.317008208	0.317008208
9600	5446.7244	1.72E+11	0.00308	0.269135168	0.319135168	0.319135168
9700	5446.7244	1.74E+11	0.00308	0.271531434	0.321531434	0.321531434
9800	5446.911735	1.76E+11	0.0031145	0.2742242	0.3242242	0.3242242
9900	5447.118618	1.78E+11	0.0031526	0.277214776	0.327214776	0.327214776
10000	5447.348307	1.80E+11	0.0031949	0.280434117	0.330434117	0.330434117
10100	5447.348307	1.82E+11	0.0031949	0.283837819	0.333837819	0.333837819
10200	5447.581254	1.84E+11	0.0032378	0.287139155	0.337139155	0.337139155
10300	5447.806056	1.86E+11	0.0032792	0.29048184	0.34048184	0.34048184
10400	5447.806056	1.88E+11	0.0032792	0.29351616	0.34351616	0.34351616
10500	5448.032487	1.90E+11	0.0033209	0.29639689	0.34639689	0.34639689
10600	5448.247515	1.92E+11	0.0033605	0.299483024	0.349483024	0.349483024
10700	5448.452769	1.94E+11	0.0033983	0.302594184	0.352594184	0.352594184
10800	5448.641733	1.96E+11	0.0034331	0.306102448	0.356102448	0.356102448
10900	5448.641733	2.00E+11	0.0034331	0.312389342	0.362389342	0.362389342
11000	5448.869793	2.04E+11	0.0034751	0.318212445	0.368212445	0.368212445
11100	5449.105998	2.07E+11	0.0035186	0.323713337	0.373713337	0.373713337
11200	5449.105998	2.11E+11	0.0035186	0.328927764	0.378927764	0.378927764
11300	5449.374783	2.14E+11	0.0035681	0.333886149	0.383886149	0.383886149
11400	5449.597956	2.17E+11	0.0036092	0.338674427	0.388674427	0.388674427
11500	5449.788549	2.20E+11	0.0036443	0.343172624	0.393172624	0.393172624
11600	5449.788549	2.22E+11	0.0036443	0.347424961	0.397424961	0.397424961
11700	5449.995432	2.25E+11	0.0036824	0.351587959	0.401587959	0.401587959
11800	5450.212089	2.28E+11	0.0037223	0.35575068	0.40575068	0.40575068
11900	5450.415714	2.30E+11	0.0037598	0.359865353	0.409865353	0.409865353
12000	5450.607936	2.33E+11	0.0037952	0.364046749	0.414046749	0.414046749
12100	5450.792013	2.36E+11	0.0038291	0.3683074	0.4183074	0.4183074
12200	5450.792013	2.39E+11	0.0038291	0.37260133	0.42260133	0.42260133
12300	5450.979348	2.41E+11	0.0038636	0.376859704	0.426859704	0.426859704
12400	5451.153651	2.44E+11	0.0038957	0.381065864	0.431065864	0.431065864
12500	5451.331212	2.47E+11	0.0039284	0.385201774	0.435201774	0.435201774
12600	5451.515289	2.49E+11	0.0039623	0.389288501	0.439288501	0.439288501
12700	5451.712398	2.52E+11	0.0039986	0.393390441	0.443390441	0.443390441
12800	5451.889959	2.55E+11	0.0040313	0.397542803	0.447542803	0.447542803
12900	5452.062633	2.57E+11	0.0040631	0.40172327	0.45172327	0.45172327
13000	5452.225533	2.60E+11	0.0040931	0.405848541	0.455848541	0.455848541
13100	5452.372143	2.63E+11	0.0041201	0.409950547	0.459950547	0.459950547
13200	5452.513866	2.65E+11	0.0041462	0.414010637	0.464010637	0.464010637
13300	5452.658847	2.68E+11	0.0041729	0.417892397	0.467892397	0.467892397
13400	5452.807086	2.70E+11	0.0042002	0.421606175	0.471606175	0.471606175
13500	5452.968357	2.72E+11	0.0042299	0.424738716	0.474738716	0.474738716
13600	5453.129628	2.72E+11	0.0042596	0.425084936	0.475084936	0.475084936
13700	5453.286012	2.73E+11	0.0042884	0.426019452	0.476019452	0.476019452
13800	5453.450541	2.73E+11	0.0043187	0.427047613	0.477047613	0.477047613
13900	5453.618328	2.74E+11	0.0043496	0.428140598	0.478140598	0.478140598
14000	5453.776341	2.75E+11	0.0043787	0.429259998	0.479259998	0.479259998
14100	5453.92458	2.76E+11	0.004406	0.430375851	0.480375851	0.480375851
14200	5454.204768	2.76E+11	0.0044576	0.43152303	0.48152303	0.48152303
14300	5454.335088	2.77E+11	0.0044816	0.432700893	0.482700893	0.482700893
14400	5454.468666	2.78E+11	0.0045062	0.434000473	0.484000473	0.484000473
14500	5454.620163	2.79E+11	0.0045341	0.435553816	0.485553816	0.485553816
14600	5454.77166	2.80E+11	0.004562	0.437358557	0.487358557	0.487358557
14700	5454.929673	2.81E+11	0.0045911	0.438557789	0.488557789	0.488557789
14800	5455.099089	2.82E+11	0.0046223	0.439769705	0.489769705	0.489769705
14900	5455.27665	2.83E+11	0.004655	0.441600919	0.491600919	0.491600919
15000	5455.450953	2.84E+11	0.0046871	0.443688952	0.493688952	0.493688952
15100	5455.638288	2.85E+11	0.0047216	0.445371727	0.495371727	0.495371727
15200	5455.840284	2.86E+11	0.0047588	0.446791271	0.496791271	0.496791271
15300	5455.840284	2.87E+11	0.0047588	0.448212255	0.498212255	0.498212255
15400	5456.039022	2.88E+11	0.0047954	0.44975825	0.49975825	0.49975825
15500	5456.249163	2.89E+11	0.0048341	0.451387226	0.501387226	0.501387226
15600	5456.46582	2.90E+11	0.004874	0.453159033	0.503159033	0.503159033
15700	5456.46582	2.91E+11	0.004874	0.455166321	0.505166321	0.505166321
15800	5456.67759	2.93E+11	0.004913	0.457348144	0.507348144	0.507348144
15900	5456.868183	2.94E+11	0.0049481	0.459637868	0.509637868	0.509637868
16000	5457.034341	2.96E+11	0.0049787	0.461973466	0.511973466	0.511973466
16100	5457.21516	2.97E+11	0.005012	0.464274491	0.514274491	0.514274491
16200	5457.417156	2.99E+11	0.0050492	0.467305879	0.517305879	0.517305879
16300	5457.625668	3.03E+11	0.0050876	0.472980484	0.522980484	0.522980484
16400	5457.625668	3.06E+11	0.0050876	0.478432259	0.528432259	0.528432259
16500	5457.822777	3.10E+11	0.0051239	0.483833418	0.533833418	0.533833418
16600	5458.054095	3.13E+11	0.0051665	0.489254772	0.539254772	0.539254772
16700	5458.280526	3.17E+11	0.0052082	0.494796529	0.544796529	0.544796529
16800	5458.280526	3.20E+11	0.0052082	0.500454629	0.550454629	0.550454629
16900	5458.498812	3.24E+11	0.0052484	0.506027109	0.556027109	0.556027109
17000	5458.69755	3.28E+11	0.005285	0.511886299	0.561886299	0.561886299
17100	5458.896288	3.31E+11	0.0053216	0.517141413	0.567141413	0.567141413
17200	5458.896288	3.35E+11	0.0053216	0.522487891	0.572487891	0.572487891
17300	5459.124348	3.38E+11	0.0053636	0.527479422	0.577479422	0.577479422
17400	5459.352408	3.41E+11	0.0054056	0.532271147	0.582271147	0.582271147
17500	5459.585355	3.44E+11	0.0054485	0.53702637	0.58702637	0.58702637
17600	5459.585355	3.47E+11	0.0054485	0.541795643	0.591795643	0.591795643
17700	5459.806899	3.50E+11	0.0054893	0.546464849	0.596464849	0.596464849
17800	5460.012153	3.53E+11	0.0055271	0.550998794	0.600998794	0.600998794
17900	5460.219036	3.56E+11	0.0055652	0.555397223	0.605397223	0.605397223
18000	5460.219036	3.58E+11	0.0055652	0.559766341	0.609766341	0.609766341
18100	5460.44058	3.61E+11	0.005606	0.564030246	0.614030246	0.614030246
18200	5460.662124	3.64E+11	0.0056468	0.568401406	0.618401406	0.618401406
18300	5460.662124	3.67E+11	0.0056468	0.572996965	0.622996965	0.622996965
18400	5460.908103	3.70E+11	0.0056921	0.57747831	0.62747831	0.62747831
18500	5461.114986	3.73E+11	0.0057302	0.581691223	0.631691223	0.631691223
18600	5461.32024	3.75E+11	0.005768	0.585722573	0.635722573	0.635722573
18700	5461.520607	3.78E+11	0.0058049	0.589679908	0.639679908	0.639679908
18800	5461.704684	3.80E+11	0.0058388	0.593738916	0.643738916	0.643738916
18900	5461.704684	3.82E+11	0.0058388	0.597166704	0.647166704	0.647166704
19000	5462.027226	3.83E+11	0.0058982	0.598214637	0.648214637	0.648214637
19100	5462.177094	3.84E+11	0.0059258	0.599376528	0.649376528	0.649376528
19200	5462.328591	3.84E+11	0.0059537	0.600302973	0.650302973	0.650302973
19300	5462.478459	3.85E+11	0.0059813	0.601246138	0.651246138	0.651246138
19400	5462.618553	3.86E+11	0.0060071	0.602220917	0.652220917	0.652220917
19500	5462.75376	3.86E+11	0.006032	0.603385052	0.653385052	0.653385052
19600	5462.890596	3.87E+11	0.0060572	0.604788986	0.654788986	0.654788986
19700	5463.165897	3.88E+11	0.0061079	0.606313944	0.656313944	0.656313944
19800	5463.309249	3.89E+11	0.0061343	0.607874765	0.657874765	0.657874765
19900	5463.455859	3.90E+11	0.0061613	0.609483836	0.659483836	0.659483836
20000	5463.604098	3.91E+11	0.0061886	0.611208445	0.661208445	0.661208445
20100	5463.762111	3.93E+11	0.0062177	0.613010148	0.663010148	0.663010148
20200	5463.913608	3.94E+11	0.0062456	0.614859616	0.664859616	0.664859616
20300	5464.068363	3.95E+11	0.0062741	0.616823237	0.666823237	0.666823237
20400	5464.247553	3.96E+11	0.0063071	0.618957233	0.668957233	0.668957233
20500	5464.41534	3.98E+11	0.006338	0.621552799	0.671552799	0.671552799
20600	5464.601046	4.00E+11	0.0063722	0.624556625	0.674556625	0.674556625
20700	5464.601046	4.02E+11	0.0063722	0.627651826	0.677651826	0.677651826
20800	5464.82259	4.04E+11	0.006413	0.630753536	0.680753536	0.680753536
20900	5465.035989	4.06E+11	0.0064523	0.633730389	0.683730389	0.683730389
21000	5465.275452	4.08E+11	0.0064964	0.636615116	0.686615116	0.686615116
21100	5465.275452	4.09E+11	0.0064964	0.639412223	0.689412223	0.689412223
21200	5465.529576	4.11E+11	0.0065432	0.642022524	0.692022524	0.692022524
21300	5465.777184	4.13E+11	0.0065888	0.644415931	0.694415931	0.694415931
21400	5465.777184	4.14E+11	0.0065888	0.646589359	0.696589359	0.696589359
21500	5465.99547	4.16E+11	0.006629	0.649294468	0.699294468	0.699294468
21600	5466.218643	4.18E+11	0.0066701	0.652165899	0.702165899	0.702165899
21700	5466.432042	4.21E+11	0.0067094	0.656675365	0.706675365	0.706675365
21800	5466.432042	4.23E+11	0.0067094	0.661185541	0.711185541	0.711185541
21900	5466.621006	4.26E+11	0.0067442	0.665930754	0.715930754	0.715930754
22000	5466.798567	4.29E+11	0.0067769	0.670600387	0.720600387	0.720600387
22100	5466.984273	4.32E+11	0.0068111	0.675116259	0.725116259	0.725116259
22200	5467.165092	4.35E+11	0.0068444	0.679495947	0.729495947	0.729495947
22300	5467.362201	4.38E+11	0.0068807	0.683803828	0.733803828	0.733803828
22400	5467.539762	4.41E+11	0.0069134	0.688078272	0.738078272	0.738078272
22500	5467.704291	4.43E+11	0.0069437	0.692240532	0.742240532	0.742240532
22600	5467.863933	4.46E+11	0.0069731	0.696359425	0.746359425	0.746359425
22700	5468.020317	4.49E+11	0.0070019	0.700658399	0.750658399	0.750658399
22800	5468.197878	4.52E+11	0.0070346	0.705191487	0.755191487	0.755191487
22900	5468.359149	4.55E+11	0.0070643	0.709814373	0.759814373	0.759814373
23000	5468.528565	4.58E+11	0.0070955	0.714453282	0.764453282	0.764453282
23100	5468.697981	4.60E+11	0.0071267	0.718833916	0.768833916	0.768833916
23200	5468.86251	4.63E+11	0.007157	0.722851789	0.772851789	0.772851789
23300	5469.02541	4.65E+11	0.007187	0.726698457	0.776698457	0.776698457
23400	5469.183423	4.68E+11	0.0072161	0.730471862	0.780471862	0.780471862
23500	5469.343065	4.70E+11	0.0072455	0.734254276	0.784254276	0.784254276
23600	5469.509223	4.73E+11	0.0072761	0.738094191	0.788094191	0.788094191
23700	5469.509223	4.75E+11	0.0072761	0.742144937	0.792144937	0.792144937
23800	5469.694929	4.78E+11	0.0073103	0.746360979	0.796360979	0.796360979
23900	5469.887151	4.81E+11	0.0073457	0.750631018	0.800631018	0.800631018
24000	5470.074486	4.83E+11	0.0073802	0.754951322	0.804951322	0.804951322
24100	5470.243902	4.86E+11	0.0074114	0.759162585	0.809162585	0.809162585
24200	5470.413318	4.89E+11	0.0074426	0.76323204	0.81323204	0.81323204
24300	5470.585992	4.91E+11	0.0074744	0.766298064	0.816298064	0.816298064
24400	5470.744005	4.91E+11	0.0075035	0.767111525	0.817111525	0.817111525
24500	5470.911792	4.92E+11	0.0075344	0.768401781	0.818401781	0.818401781
24600	5471.079579	4.93E+11	0.0075653	0.769627672	0.819627672	0.819627672
24700	5471.24085	4.94E+11	0.007595	0.770706094	0.820706094	0.820706094
24800	5471.405379	4.94E+11	0.0076253	0.771641942	0.821641942	0.821641942
24900	5471.573166	4.95E+11	0.0076562	0.772744644	0.822744644	0.822744644
25000	5471.727921	4.96E+11	0.0076847	0.773776813	0.823776813	0.823776813
25100	5471.895708	4.96E+11	0.0077156	0.77502049	0.82502049	0.82502049
25200	5472.060237	4.97E+11	0.0077459	0.776587596	0.826587596	0.826587596
25300	5472.236169	4.98E+11	0.0077783	0.778283549	0.828283549	0.828283549
25400	5472.418617	4.99E+11	0.0078119	0.779958016	0.829958016	0.829958016
25500	5472.589662	5.00E+11	0.0078434	0.781509651	0.831509651	0.831509651
25600	5472.762336	5.01E+11	0.0078752	0.783053625	0.833053625	0.833053625
25700	5472.938268	5.03E+11	0.0079076	0.784757048	0.834757048	0.834757048
25800	5472.938268	5.04E+11	0.0079076	0.786822539	0.836822539	0.836822539
25900	5473.119087	5.05E+11	0.0079409	0.789233911	0.839233911	0.839233911
26000	5473.299906	5.07E+11	0.0079742	0.791891801	0.841891801	0.841891801
26100	5473.50516	5.09E+11	0.008012	0.794348751	0.844348751	0.844348751
26200	5473.71693	5.10E+11	0.008051	0.796738606	0.846738606	0.846738606
26300	5473.9287	5.12E+11	0.00809	0.798904804	0.848904804	0.848904804
26400	5473.9287	5.13E+11	0.00809	0.800951441	0.850951441	0.850951441
26500	5474.135583	5.14E+11	0.0081281	0.803289309	0.853289309	0.853289309
26600	5474.35224	5.16E+11	0.008168	0.805812079	0.855812079	0.855812079
26700	5474.578671	5.18E+11	0.0082097	0.808263454	0.858263454	0.858263454
26800	5474.578671	5.19E+11	0.0082097	0.81061259	0.86061259	0.86061259
26900	5474.805102	5.21E+11	0.0082514	0.812812208	0.862812208	0.862812208
27000	5475.025017	5.23E+11	0.0082919	0.815923553	0.865923553	0.865923553
27100	5475.025017	5.26E+11	0.0082919	0.821139412	0.871139412	0.871139412
27200	5475.267738	5.29E+11	0.0083366	0.825822623	0.875822623	0.875822623
27300	5475.510459	5.32E+11	0.0083813	0.830513795	0.880513795	0.880513795
27400	5475.510459	5.35E+11	0.0083813	0.835545275	0.885545275	0.885545275
27500	5475.745035	5.39E+11	0.0084245	0.841010391	0.891010391	0.891010391
27600	5475.971466	5.42E+11	0.0084662	0.846673561	0.896673561	0.896673561
27700	5475.971466	5.46E+11	0.0084662	0.852336047	0.902336047	0.902336047
27800	5476.212558	5.49E+11	0.0085106	0.857862907	0.907862907	0.907862907
27900	5476.434102	5.53E+11	0.0085514	0.86322698	0.91322698	0.91322698
28000	5476.693113	5.56E+11	0.0085991	0.868434613	0.918434613	0.918434613
28100	5476.693113	5.59E+11	0.0085991	0.873650627	0.923650627	0.923650627
28200	5476.94235	5.63E+11	0.008645	0.879091177	0.929091177	0.929091177
28300	5477.1867	5.66E+11	0.00869	0.884366373	0.934366373	0.934366373
28400	5477.1867	5.70E+11	0.00869	0.890082262	0.940082262	0.940082262
28500	5477.44734	5.73E+11	0.008738	0.895491382	0.945491382	0.945491382
28600	5477.44734	5.77E+11	0.008738	0.900655054	0.950655054	0.950655054
28700	5477.704722	5.80E+11	0.0087854	0.905787809	0.955787809	0.955787809
28800	5477.963733	5.83E+11	0.0088331	0.91086991	0.96086991	0.96086991
28900	5477.963733	5.87E+11	0.0088331	0.915927697	0.965927697	0.965927697
29000	5478.217857	5.90E+11	0.0088799	0.920875133	0.970875133	0.970875133
29100	5478.467094	5.93E+11	0.0089258	0.925512088	0.975512088	0.975512088
29200	5478.467094	5.95E+11	0.0089258	0.929854912	0.979854912	0.979854912
29300	5478.714702	5.98E+11	0.0089714	0.934136838	0.984136838	0.984136838
29400	5478.941133	6.01E+11	0.0090131	0.938275405	0.988275405	0.988275405
29500	5478.941133	6.03E+11	0.0090131	0.942200685	0.992200685	0.992200685
29600	5479.152903	6.06E+11	0.0090521	0.946072043	0.996072043	0.996072043
29700	5479.351641	6.08E+11	0.0090887	0.948834174	0.998834174	0.998834174
29800	5479.553637	6.08E+11	0.0091259	0.9493577	0.9993577	0.9993577
29900	5479.758891	6.09E+11	0.0091637	0.95023506	1.00023506	1.00023506
30000	5479.947855	6.09E+11	0.0091985	0.950957419	1.000957419	1.000957419
30100	5479.947855	6.09E+11	0.0091985	0.951189426	1.001189426	1.001189426
30200	5480.125416	6.09E+11	0.0092312	0.950880544	1.000880544	1.000880544
30300	5480.301348	6.09E+11	0.0092636	0.950248357	1.000248357	1.000248357
30400	5480.601084	6.08E+11	0.0093188	0.949910729	0.999910729	0.999910729
30500	5480.736291	6.08E+11	0.0093437	0.949780792	0.999780792	0.999780792
30600	5480.866611	6.09E+11	0.0093677	0.950257063	1.000257063	1.000257063
30700	5481.013221	6.09E+11	0.0093947	0.951009787	1.001009787	1.001009787
30800	5481.167976	6.10E+11	0.0094232	0.952034757	1.002034757	1.002034757
30900	5481.330876	6.11E+11	0.0094532	0.953389292	1.003389292	1.003389292
31000	5481.492147	6.12E+11	0.0094829	0.955107867	1.005107867	1.005107867
31100	5481.669708	6.13E+11	0.0095156	0.957192372	1.007192372	1.007192372
31200	5481.863559	6.15E+11	0.0095513	0.959777523	1.009777523	1.009777523
31300	5482.047636	6.17E+11	0.0095852	0.962867887	1.012867887	1.012867887
31400	5482.234971	6.19E+11	0.0096197	0.966271719	1.016271719	1.016271719
31500	5482.234971	6.21E+11	0.0096197	0.969702987	1.019702987	1.019702987
31600	5482.425564	6.23E+11	0.0096548	0.972805357	1.022805357	1.022805357
31700	5482.629189	6.25E+11	0.0096923	0.975633858	1.025633858	1.025633858
31800	5482.837701	6.26E+11	0.0097307	0.978226689	1.028226689	1.028226689
31900	5482.837701	6.28E+11	0.0097307	0.980779768	1.030779768	1.030779768
32000	5483.055987	6.30E+11	0.0097709	0.983215331	1.033215331	1.033215331
32100	5483.26287	6.31E+11	0.009809	0.985499587	1.035499587	1.035499587
32200	5483.443689	6.33E+11	0.0098423	0.987722183	1.037722183	1.037722183
32300	5483.606589	6.34E+11	0.0098723	0.989891771	1.039891771	1.039891771
32400	5483.769489	6.36E+11	0.0099023	0.993006498	1.043006498	1.043006498
32500	5483.950308	6.39E+11	0.0099356	0.998104961	1.048104961	1.048104961
32600	5484.145788	6.42E+11	0.0099716	1.002647978	1.052647978	1.052647978
32700	5484.3543	6.45E+11	0.01001	1.007422286	1.057422286	1.057422286
32800	5484.3543	6.49E+11	0.01001	1.012811788	1.062811788	1.062811788
32900	5484.54978	6.52E+11	0.010046	1.018508496	1.068508496	1.068508496
33000	5484.748518	6.56E+11	0.0100826	1.024090615	1.074090615	1.074090615
33100	5484.94074	6.60E+11	0.010118	1.029818277	1.079818277	1.079818277
33200	5485.121559	6.63E+11	0.0101513	1.035445697	1.085445697	1.085445697
33300	5485.29912	6.66E+11	0.010184	1.040720494	1.090720494	1.090720494
33400	5485.488084	6.70E+11	0.0102188	1.045540597	1.095540597	1.095540597
33500	5485.488084	6.73E+11	0.0102188	1.050379135	1.100379135	1.100379135
33600	5485.672161	6.76E+11	0.0102527	1.055386452	1.105386452	1.105386452
33700	5485.866012	6.79E+11	0.0102884	1.060311528	1.110311528	1.110311528
33800	5486.043573	6.82E+11	0.0103211	1.064804616	1.114804616	1.114804616
33900	5486.226021	6.84E+11	0.0103547	1.068796124	1.118796124	1.118796124
34000	5486.428017	6.87E+11	0.0103919	1.072376082	1.122376082	1.122376082
34100	5486.613723	6.89E+11	0.0104261	1.075414626	1.125414626	1.125414626
34200	5486.791284	6.90E+11	0.0104588	1.078085122	1.128085122	1.128085122
34300	5486.791284	6.92E+11	0.0104588	1.080520844	1.130520844	1.130520844
34400	5486.985135	6.94E+11	0.0104945	1.083049046	1.133049046	1.133049046
34500	5487.193647	6.95E+11	0.0105329	1.085831619	1.135831619	1.135831619
34600	5487.379353	6.97E+11	0.0105671	1.088893905	1.138893905	1.138893905
34700	5487.565059	6.99E+11	0.0106013	1.092187286	1.142187286	1.142187286
34800	5487.737733	7.02E+11	0.0106331	1.095654184	1.145654184	1.145654184
34900	5487.912036	7.04E+11	0.0106652	1.099196765	1.149196765	1.149196765
35000	5487.912036	7.06E+11	0.0106652	1.102883001	1.152883001	1.152883001
35100	5488.114032	7.08E+11	0.0107024	1.105633268	1.155633268	1.155633268
35200	5488.32906	7.09E+11	0.010742	1.106786695	1.156786695	1.156786695
35300	5488.535943	7.10E+11	0.0107801	1.108185292	1.158185292	1.158185292
35400	5488.741197	7.11E+11	0.0108179	1.109822384	1.159822384	1.159822384
35500	5488.741197	7.12E+11	0.0108179	1.111455495	1.161455495	1.161455495
35600	5488.933419	7.13E+11	0.0108533	1.112948578	1.162948578	1.162948578
35700	5489.132157	7.14E+11	0.0108899	1.114416328	1.164416328	1.164416328
35800	5489.321121	7.15E+11	0.0109247	1.116157822	1.166157822	1.166157822
35900	5489.503569	7.16E+11	0.0109583	1.118087998	1.168087998	1.168087998
36000	5489.676243	7.17E+11	0.0109901	1.12012844	1.17012844	1.17012844
36100	5489.855433	7.19E+11	0.0110231	1.122226614	1.172226614	1.172226614
36200	5490.029736	7.20E+11	0.0110552	1.124475161	1.174475161	1.174475161
36300	5490.199152	7.21E+11	0.0110864	1.126560462	1.176560462	1.176560462
36400	5490.366939	7.23E+11	0.0111173	1.128593711	1.178593711	1.178593711
36500	5490.536355	7.24E+11	0.0111485	1.130937869	1.180937869	1.180937869
36600	5490.536355	7.26E+11	0.0111485	1.133778542	1.183778542	1.183778542
36700	5490.710658	7.28E+11	0.0111806	1.137036688	1.187036688	1.187036688
36800	5490.881703	7.30E+11	0.0112121	1.14050533	1.19050533	1.19050533
36900	5491.078812	7.33E+11	0.0112484	1.144213161	1.194213161	1.194213161
37000	5491.271034	7.35E+11	0.0112838	1.147884326	1.197884326	1.197884326
37100	5491.466514	7.37E+11	0.0113198	1.151281241	1.201281241	1.201281241
37200	5491.657107	7.39E+11	0.0113549	1.154315617	1.204315617	1.204315617
37300	5491.8477	7.41E+11	0.01139	1.157102327	1.207102327	1.207102327
37400	5491.8477	7.42E+11	0.01139	1.15940727	1.20940727	1.20940727
37500	5492.035035	7.44E+11	0.0114245	1.161720197	1.211720197	1.211720197
37600	5492.228886	7.45E+11	0.0114602	1.164067512	1.214067512	1.214067512
37700	5492.424366	7.47E+11	0.0114962	1.166501856	1.216501856	1.216501856
37800	5492.627991	7.49E+11	0.0115337	1.169786465	1.219786465	1.219786465
37900	5492.627991	7.52E+11	0.0115337	1.174886017	1.224886017	1.224886017
38000	5492.834874	7.55E+11	0.0115718	1.179341254	1.229341254	1.229341254
38100	5493.064563	7.58E+11	0.0116141	1.183811197	1.233811197	1.233811197
38200	5493.300768	7.61E+11	0.0116576	1.188671109	1.238671109	1.238671109
38300	5493.300768	7.65E+11	0.0116576	1.194147722	1.244147722	1.244147722
38400	5493.530457	7.68E+11	0.0116999	1.199926354	1.249926354	1.249926354
38500	5493.745485	7.72E+11	0.0117395	1.205644815	1.255644815	1.255644815
38600	5493.745485	7.76E+11	0.0117395	1.211311498	1.261311498	1.261311498
38700	5493.98169	7.79E+11	0.011783	1.216643496	1.266643496	1.266643496
38800	5494.245588	7.83E+11	0.0118316	1.221932816	1.271932816	1.271932816
38900	5494.245588	7.86E+11	0.0118316	1.227075072	1.277075072	1.277075072
39000	5494.509486	7.89E+11	0.0118802	1.232173379	1.282173379	1.282173379
39100	5494.745691	7.92E+11	0.0119237	1.237251065	1.287251065	1.287251065
39200	5494.745691	7.95E+11	0.0119237	1.242003325	1.292003325	1.292003325
39300	5494.988412	7.98E+11	0.0119684	1.246264808	1.296264808	1.296264808
39400	5495.226246	8.01E+11	0.0120122	1.250024658	1.300024658	1.300024658
39500	5495.226246	8.03E+11	0.0120122	1.253169471	1.303169471	1.303169471
39600	5495.46408	8.04E+11	0.012056	1.255755304	1.305755304	1.305755304
39700	5495.695398	8.06E+11	0.0120986	1.258570839	1.308570839	1.308570839
39800	5495.695398	8.08E+11	0.0120986	1.261458036	1.311458036	1.311458036
39900	5495.928345	8.10E+11	0.0121415	1.264287752	1.314287752	1.314287752
40000	5496.158034	8.12E+11	0.0121838	1.267316289	1.317316289	1.317316289
40100	5496.369804	8.14E+11	0.0122228	1.270714092	1.320714092	1.320714092
40200	5496.369804	8.16E+11	0.0122228	1.274498132	1.324498132	1.324498132
40300	5496.576687	8.19E+11	0.0122609	1.278175249	1.328175249	1.328175249
40400	5496.773796	8.21E+11	0.0122972	1.281935568	1.331935568	1.331935568
40500	5496.954615	8.23E+11	0.0123305	1.285201326	1.335201326	1.335201326
40600	5497.140321	8.24E+11	0.0123647	1.28699736	1.33699736	1.33699736
40700	5497.322769	8.26E+11	0.0123983	1.289544559	1.339544559	1.339544559
40800	5497.497072	8.27E+11	0.0124304	1.291996969	1.341996969	1.341996969
40900	5497.664859	8.29E+11	0.0124613	1.294390017	1.344390017	1.344390017
41000	5497.824501	8.30E+11	0.0124907	1.296440524	1.346440524	1.346440524
41100	5497.987401	8.31E+11	0.0125207	1.298202284	1.348202284	1.348202284
41200	5498.147043	8.32E+11	0.0125501	1.299598879	1.349598879	1.349598879
41300	5498.301798	8.33E+11	0.0125786	1.300711447	1.350711447	1.350711447
41400	5498.464698	8.34E+11	0.0126086	1.301624487	1.351624487	1.351624487
41500	5498.622711	8.34E+11	0.0126377	1.302604865	1.352604865	1.352604865
41600	5498.762805	8.35E+11	0.0126635	1.303866546	1.353866546	1.353866546
41700	5498.896383	8.36E+11	0.0126881	1.30517095	1.35517095	1.35517095
41800	5499.042993	8.37E+11	0.0127151	1.306249734	1.356249734	1.356249734
41900	5499.19449	8.37E+11	0.012743	1.307260165	1.357260165	1.357260165
42000	5499.347616	8.38E+11	0.0127712	1.308570518	1.358570518	1.358570518
42100	5499.508887	8.39E+11	0.0128009	1.310430171	1.360430171	1.360430171
42200	5499.679932	8.40E+11	0.0128324	1.312367369	1.362367369	1.362367369
42300	5499.844461	8.42E+11	0.0128627	1.314554657	1.364554657	1.364554657
42400	5500.018764	8.43E+11	0.0128948	1.316826591	1.366826591	1.366826591
42500	5500.207728	8.45E+11	0.0129296	1.318909114	1.368909114	1.368909114
42600	5500.385289	8.46E+11	0.0129623	1.320935159	1.370935159	1.370935159
42700	5500.564479	8.47E+11	0.0129953	1.323090328	1.373090328	1.373090328
42800	5500.761588	8.49E+11	0.0130316	1.325201905	1.375201905	1.375201905
42900	5500.963584	8.50E+11	0.0130688	1.327219495	1.377219495	1.377219495
43000	5500.963584	8.51E+11	0.0130688	1.329382396	1.379382396	1.379382396
43100	5501.162322	8.53E+11	0.0131054	1.331771538	1.381771538	1.381771538
43200	5501.365947	8.55E+11	0.0131429	1.335013245	1.385013245	1.385013245
43300	5501.57283	8.58E+11	0.013181	1.340063718	1.390063718	1.390063718
43400	5501.760165	8.61E+11	0.0132155	1.344551989	1.394551989	1.394551989
43500	5501.760165	8.64E+11	0.0132155	1.349267954	1.399267954	1.399267954
43600	5501.949129	8.67E+11	0.0132503	1.354201893	1.404201893	1.404201893
43700	5502.134835	8.71E+11	0.0132845	1.35943487	1.40943487	1.40943487
43800	5502.327057	8.74E+11	0.0133199	1.364805655	1.414805655	1.414805655
43900	5502.545343	8.78E+11	0.0133601	1.370308799	1.420308799	1.420308799
44000	5502.545343	8.81E+11	0.0133601	1.37579745	1.42579745	1.42579745
44100	5502.784806	8.85E+11	0.0134042	1.381579242	1.431579242	1.431579242
44200	5503.03893	8.88E+11	0.013451	1.387277293	1.437277293	1.437277293
44300	5503.03893	8.92E+11	0.013451	1.392681471	1.442681471	1.442681471
44400	5503.253958	8.95E+11	0.0134906	1.398117071	1.448117071	1.448117071
44500	5503.439664	8.99E+11	0.0135248	1.403755603	1.453755603	1.453755603
44600	5503.636773	9.03E+11	0.0135611	1.409296454	1.459296454	1.459296454
44700	5503.840398	9.06E+11	0.0135986	1.414370818	1.464370818	1.464370818
44800	5504.050539	9.09E+11	0.0136373	1.419119231	1.469119231	1.469119231
44900	5504.050539	9.12E+11	0.0136373	1.423385511	1.473385511	1.473385511
45000	5504.294889	9.14E+11	0.0136823	1.427086014	1.477086014	1.477086014
45100	5504.511546	9.16E+11	0.0137222	1.430418484	1.480418484	1.480418484
45200	5504.511546	9.18E+11	0.0137222	1.433831934	1.483831934	1.483831934
45300	5504.73309	9.20E+11	0.013763	1.437270113	1.487270113	1.487270113
45400	5504.943231	9.23E+11	0.0138017	1.440890043	1.490890043	1.490890043
45500	5505.164775	9.25E+11	0.0138425	1.444569708	1.494569708	1.494569708
45600	5505.164775	9.27E+11	0.0138425	1.448220816	1.498220816	1.498220816
45700	5505.378174	9.30E+11	0.0138818	1.451886483	1.501886483	1.501886483
45800	5505.588315	9.32E+11	0.0139205	1.455520651	1.505520651	1.505520651
45900	5505.795198	9.34E+11	0.0139586	1.458386258	1.508386258	1.508386258
46000	5505.972759	9.35E+11	0.0139913	1.459529999	1.509529999	1.509529999
46100	5505.972759	9.36E+11	0.0139913	1.461329504	1.511329504	1.511329504
46200	5506.187787	9.37E+11	0.0140309	1.462976099	1.512976099	1.512976099
46300	5506.371864	9.38E+11	0.0140648	1.464361592	1.514361592	1.514361592
46400	5506.547796	9.39E+11	0.0140972	1.465679843	1.515679843	1.515679843
46500	5506.705809	9.39E+11	0.0141263	1.466685577	1.516685577	1.516685577
46600	5506.852419	9.40E+11	0.0141533	1.467930224	1.517930224	1.517930224
46700	5507.152155	9.41E+11	0.0142085	1.469457701	1.519457701	1.519457701
46800	5507.311797	9.42E+11	0.0142379	1.470929369	1.520929369	1.520929369
46900	5507.482842	9.43E+11	0.0142694	1.472610135	1.522610135	1.522610135
47000	5507.482842	9.44E+11	0.0142694	1.474429169	1.524429169	1.524429169
47100	5507.663661	9.45E+11	0.0143027	1.476345196	1.526345196	1.526345196
47200	5507.847738	9.47E+11	0.0143366	1.478264431	1.528264431	1.528264431
47300	5508.033444	9.48E+11	0.0143708	1.480186866	1.530186866	1.530186866
47400	5508.225666	9.49E+11	0.0144062	1.482327681	1.532327681	1.532327681
47500	5508.41463	9.51E+11	0.014441	1.485000716	1.535000716	1.535000716
47600	5508.611739	9.53E+11	0.0144773	1.488182964	1.538182964	1.538182964
47700	5508.611739	9.55E+11	0.0144773	1.491683109	1.541683109	1.541683109
47800	5508.803961	9.58E+11	0.0145127	1.495405005	1.545405005	1.545405005
47900	5508.996183	9.60E+11	0.0145481	1.499222957	1.549222957	1.549222957
48000	5509.199808	9.62E+11	0.0145856	1.502809204	1.552809204	1.552809204
48100	5509.396917	9.64E+11	0.0146219	1.505949812	1.555949812	1.555949812
48200	5509.602171	9.66E+11	0.0146597	1.50874017	1.55874017	1.55874017
48300	5509.602171	9.68E+11	0.0146597	1.511213128	1.561213128	1.561213128
48400	5509.791135	9.69E+11	0.0146945	1.513580804	1.563580804	1.563580804
48500	5509.991502	9.71E+11	0.0147314	1.515914677	1.565914677	1.565914677
48600	5510.198385	9.73E+11	0.0147695	1.519017985	1.569017985	1.569017985
48700	5510.405268	9.76E+11	0.0148076	1.523973481	1.573973481	1.573973481
48800	5510.405268	9.79E+11	0.0148076	1.528269669	1.578269669	1.578269669
48900	5510.61378	9.82E+11	0.014846	1.532735965	1.582735965	1.582735965
49000	5510.823921	9.84E+11	0.0148847	1.537119279	1.587119279	1.587119279
49100	5511.042207	9.87E+11	0.0149249	1.541631907	1.591631907	1.591631907
49200	5511.042207	9.90E+11	0.0149249	1.546440332	1.596440332	1.596440332
49300	5511.26538	9.94E+11	0.014966	1.551436152	1.601436152	1.601436152
49400	5511.488553	9.97E+11	0.0150071	1.556470582	1.606470582	1.606470582
49500	5511.695436	1.00E+12	0.0150452	1.561513167	1.611513167	1.611513167
49600	5511.695436	1.00E+12	0.0150452	1.566553742	1.616553742	1.616553742
49700	5511.892545	1.01E+12	0.0150815	1.571501154	1.621501154	1.621501154
49800	5512.09617	1.01E+12	0.015119	1.576212473	1.626212473	1.626212473
49900	5512.30794	1.01E+12	0.015158	1.580826356	1.630826356	1.630826356
50000	5512.500162	1.02E+12	0.0151934	1.58531082	1.63531082	1.63531082
50100	5512.694013	1.02E+12	0.0152291	1.589590426	1.639590426	1.639590426
50200	5512.694013	1.02E+12	0.0152291	1.593548666	1.643548666	1.643548666
50300	5512.882977	1.02E+12	0.0152639	1.597147113	1.647147113	1.647147113
50400	5513.083344	1.03E+12	0.0153008	1.600541649	1.650541649	1.650541649
50500	5513.286969	1.03E+12	0.0153383	1.603747984	1.653747984	1.653747984
50600	5513.498739	1.03E+12	0.0153773	1.607054486	1.657054486	1.657054486
50700	5513.498739	1.03E+12	0.0153773	1.610759717	1.660759717	1.660759717
50800	5513.684445	1.03E+12	0.0154115	1.614819929	1.664819929	1.664819929
50900	5513.889699	1.04E+12	0.0154493	1.619016444	1.669016444	1.669016444
51000	5514.094953	1.04E+12	0.0154871	1.623599801	1.673599801	1.673599801
51100	5514.288804	1.04E+12	0.0155228	1.628319846	1.678319846	1.678319846
51200	5514.288804	1.05E+12	0.0155228	1.632691914	1.682691914	1.682691914
51300	5514.492429	1.05E+12	0.0155603	1.635930138	1.685930138	1.685930138
51400	5514.68628	1.05E+12	0.015596	1.637320991	1.687320991	1.687320991
51500	5514.868728	1.05E+12	0.0156296	1.639128617	1.689128617	1.689128617
51600	5515.06095	1.05E+12	0.015665	1.640582728	1.690582728	1.690582728
51700	5515.24014	1.05E+12	0.015698	1.64167922	1.69167922	1.69167922
51800	5515.414443	1.05E+12	0.0157301	1.642462655	1.692462655	1.692462655
51900	5515.569198	1.05E+12	0.0157586	1.643162354	1.693162354	1.693162354
52000	5515.715808	1.05E+12	0.0157856	1.643741143	1.693741143	1.693741143
52100	5515.860789	1.05E+12	0.0158123	1.644045806	1.694045806	1.694045806
52200	5516.004141	1.05E+12	0.0158387	1.644332833	1.694332833	1.694332833
52300	5516.279442	1.05E+12	0.0158894	1.645060122	1.695060122	1.695060122
52400	5516.421165	1.05E+12	0.0159155	1.645831548	1.695831548	1.695831548
52500	5516.567775	1.05E+12	0.0159425	1.646523846	1.696523846	1.696523846
52600	5516.719272	1.05E+12	0.0159704	1.647224522	1.697224522	1.697224522
52700	5516.883801	1.06E+12	0.0160007	1.648067166	1.698067166	1.698067166
52800	5517.043443	1.06E+12	0.0160301	1.649430168	1.699430168	1.699430168
52900	5517.19494	1.06E+12	0.016058	1.651263904	1.701263904	1.701263904
53000	5517.349695	1.06E+12	0.0160865	1.653579515	1.703579515	1.703579515
53100	5517.507708	1.06E+12	0.0161156	1.656244275	1.706244275	1.706244275
53200	5517.691785	1.06E+12	0.0161495	1.659095311	1.709095311	1.709095311
53300	5517.901926	1.06E+12	0.0161882	1.662062484	1.712062484	1.712062484
53400	5517.901926	1.07E+12	0.0161882	1.665129778	1.715129778	1.715129778
53500	5518.092519	1.07E+12	0.0162233	1.667885505	1.717885505	1.717885505
53600	5518.292886	1.07E+12	0.0162602	1.670418259	1.720418259	1.720418259
53700	5518.504656	1.07E+12	0.0162992	1.672819165	1.722819165	1.722819165
53800	5518.705023	1.07E+12	0.0163361	1.675255931	1.725255931	1.725255931
53900	5518.705023	1.07E+12	0.0163361	1.677875346	1.727875346	1.727875346
54000	5518.920051	1.08E+12	0.0163757	1.681110063	1.731110063	1.731110063
54100	5519.141595	1.08E+12	0.0164165	1.686294818	1.736294818	1.736294818
54200	5519.366397	1.08E+12	0.0164579	1.691248164	1.741248164	1.741248164
54300	5519.366397	1.09E+12	0.0164579	1.69616884	1.74616884	1.74616884
54400	5519.602602	1.09E+12	0.0165014	1.701316211	1.751316211	1.751316211
54500	5519.8665	1.09E+12	0.01655	1.706898418	1.756898418	1.756898418
54600	5519.8665	1.10E+12	0.01655	1.712781564	1.762781564	1.762781564
54700	5520.097818	1.10E+12	0.0165926	1.718862156	1.768862156	1.768862156
54800	5520.29004	1.10E+12	0.016628	1.725381165	1.775381165	1.775381165
54900	5520.29004	1.11E+12	0.016628	1.732180838	1.782180838	1.782180838
55000	5520.531132	1.11E+12	0.0166724	1.738639848	1.788639848	1.788639848
55100	5520.742902	1.12E+12	0.0167114	1.744770497	1.794770497	1.794770497
55200	5520.972591	1.12E+12	0.0167537	1.750676357	1.800676357	1.800676357
55300	5520.972591	1.12E+12	0.0167537	1.756366992	1.806366992	1.806366992
55400	5521.197393	1.13E+12	0.0167951	1.761846823	1.811846823	1.811846823
55500	5521.448259	1.13E+12	0.0168413	1.766927774	1.816927774	1.816927774
55600	5521.448259	1.13E+12	0.0168413	1.771593031	1.821593031	1.821593031
55700	5521.708899	1.14E+12	0.0168893	1.775604137	1.825604137	1.825604137
55800	5521.925556	1.14E+12	0.0169292	1.779448606	1.829448606	1.829448606
55900	5522.127552	1.14E+12	0.0169664	1.782959086	1.832959086	1.832959086
56000	5522.127552	1.14E+12	0.0169664	1.7863495	1.8363495	1.8363495
56100	5522.332806	1.15E+12	0.0170042	1.789858575	1.839858575	1.839858575
56200	5522.541318	1.15E+12	0.0170426	1.793463943	1.843463943	1.843463943
56300	5522.756346	1.15E+12	0.0170822	1.797090035	1.847090035	1.847090035
56400	5522.756346	1.15E+12	0.0170822	1.800811457	1.850811457	1.850811457
56500	5522.979519	1.16E+12	0.0171233	1.804562588	1.854562588	1.854562588
56600	5523.210837	1.16E+12	0.0171659	1.808384678	1.858384678	1.858384678
56700	5523.447042	1.16E+12	0.0172094	1.811625974	1.861625974	1.861625974
56800	5523.447042	1.16E+12	0.0172094	1.813208474	1.863208474	1.863208474
56900	5523.62949	1.16E+12	0.017243	1.815072545	1.865072545	1.865072545
57000	5523.823341	1.16E+12	0.0172787	1.81686679	1.86686679	1.86686679
57100	5523.997644	1.16E+12	0.0173108	1.81840921	1.86840921	1.86840921
57200	5524.176834	1.17E+12	0.0173438	1.819656936	1.869656936	1.869656936
57300	5524.34625	1.17E+12	0.017375	1.820771256	1.870771256	1.870771256
57400	5524.50915	1.17E+12	0.017405	1.821755003	1.871755003	1.871755003
57500	5524.665534	1.17E+12	0.0174338	1.822499501	1.872499501	1.872499501
57600	5524.830063	1.17E+12	0.0174641	1.823336951	1.873336951	1.873336951
57700	5525.002737	1.17E+12	0.0174959	1.824456357	1.874456357	1.874456357
57800	5525.181927	1.17E+12	0.0175289	1.825506957	1.875506957	1.875506957
57900	5525.357859	1.17E+12	0.0175613	1.826481914	1.876481914	1.876481914
58000	5525.543565	1.17E+12	0.0175955	1.827534662	1.877534662	1.877534662
58100	5525.7309	1.17E+12	0.01763	1.828525197	1.878525197	1.878525197
58200	5525.7309	1.17E+12	0.01763	1.829610694	1.879610694	1.879610694
58300	5525.916606	1.17E+12	0.0176642	1.831124455	1.881124455	1.881124455
58400	5526.107199	1.17E+12	0.0176993	1.833337135	1.883337135	1.883337135
58500	5526.297792	1.18E+12	0.0177344	1.836109598	1.886109598	1.886109598
58600	5526.490014	1.18E+12	0.0177698	1.838893668	1.888893668	1.888893668
58700	5526.665946	1.18E+12	0.0178022	1.841459808	1.891459808	1.891459808
58800	5526.833733	1.18E+12	0.0178331	1.843827251	1.893827251	1.893827251
58900	5526.98523	1.18E+12	0.017861	1.846060547	1.896060547	1.896060547
59000	5527.143243	1.18E+12	0.0178901	1.848023591	1.898023591	1.898023591
59100	5527.281708	1.18E+12	0.0179156	1.849950293	1.899950293	1.899950293
59200	5527.423431	1.19E+12	0.0179417	1.852300612	1.902300612	1.902300612
59300	5527.570041	1.19E+12	0.0179687	1.855147534	1.905147534	1.905147534
59400	5527.719909	1.19E+12	0.0179963	1.858670621	1.908670621	1.908670621
59500	5527.877922	1.19E+12	0.0180254	1.864174341	1.914174341	1.914174341
59600	5528.035935	1.20E+12	0.0180545	1.869633989	1.919633989	1.919633989
59700	5528.198835	1.20E+12	0.0180845	1.875318017	1.925318017	1.925318017
59800	5528.36988	1.20E+12	0.018116	1.881464561	1.931464561	1.931464561
59900	5528.536038	1.21E+12	0.0181466	1.887928779	1.937928779	1.937928779
60000	5528.715228	1.21E+12	0.0181796	1.89429668	1.94429668	1.94429668
60100	5528.889531	1.22E+12	0.0182117	1.900454621	1.950454621	1.950454621
60200	5529.063834	1.22E+12	0.0182438	1.90627859	1.95627859	1.95627859
60300	5529.226734	1.22E+12	0.0182738	1.912081508	1.962081508	1.962081508
60400	5529.402666	1.23E+12	0.0183062	1.917833011	1.967833011	1.967833011
60500	5529.580227	1.23E+12	0.0183389	1.923253169	1.973253169	1.973253169
60600	5529.757788	1.24E+12	0.0183716	1.928495228	1.978495228	1.978495228
60700	5529.945123	1.24E+12	0.0184061	1.933313334	1.983313334	1.983313334
60800	5530.125942	1.24E+12	0.0184394	1.937681234	1.987681234	1.987681234
60900	5530.125942	1.24E+12	0.0184394	1.941562692	1.991562692	1.991562692
61000	5530.407759	1.25E+12	0.0184913	1.94490346	1.99490346	1.99490346
61100	5530.572288	1.25E+12	0.0185216	1.947820614	1.997820614	1.997820614
61200	5530.738446	1.25E+12	0.0185522	1.950238228	2.000238228	2.000238228
61300	5530.902975	1.25E+12	0.0185825	1.952435339	2.002435339	2.002435339
61400	5531.077278	1.25E+12	0.0186146	1.954786907	2.004786907	2.004786907
61500	5531.2695	1.25E+12	0.01865	1.957414998	2.007414998	2.007414998
61600	5531.2695	1.26E+12	0.01865	1.960305558	2.010305558	2.010305558
61700	5531.463351	1.26E+12	0.0186857	1.963508454	2.013508454	2.013508454
61800	5531.673492	1.26E+12	0.0187244	1.966860321	2.016860321	2.016860321
61900	5531.673492	1.26E+12	0.0187244	1.970313979	2.020313979	2.020313979
62000	5531.927616	1.26E+12	0.0187712	1.973716167	2.023716167	2.023716167
62100	5532.150789	1.27E+12	0.0188123	1.976756646	2.026756646	2.026756646
62200	5532.383736	1.27E+12	0.0188552	1.978028295	2.028028295	2.028028295
62300	5532.383736	1.27E+12	0.0188552	1.979393367	2.029393367	2.029393367
62400	5532.602022	1.27E+12	0.0188954	1.981067774	2.031067774	2.031067774
62500	5532.799131	1.27E+12	0.0189317	1.982409653	2.032409653	2.032409653
62600	5532.97995	1.27E+12	0.018965	1.983344696	2.033344696	2.033344696
62700	5533.168914	1.27E+12	0.0189998	1.984319573	2.034319573	2.034319573
62800	5533.35462	1.27E+12	0.019034	1.985603777	2.035603777	2.035603777
62900	5533.520778	1.27E+12	0.0190646	1.986860716	2.036860716	2.036860716
63000	5533.677162	1.27E+12	0.0190934	1.988138359	2.038138359	2.038138359
63100	5533.833546	1.27E+12	0.0191222	1.98966604	2.03966604	2.03966604
63200	5533.980156	1.28E+12	0.0191492	1.991250833	2.041250833	2.041250833
63300	5534.123508	1.28E+12	0.0191756	1.992809547	2.042809547	2.042809547
63400	5534.265231	1.28E+12	0.0192017	1.994426836	2.044426836	2.044426836
63500	5534.411841	1.28E+12	0.0192287	1.996414655	2.046414655	2.046414655
63600	5534.687142	1.28E+12	0.0192794	1.998843843	2.048843843	2.048843843
63700	5534.825607	1.28E+12	0.0193049	2.001700607	2.051700607	2.051700607
63800	5534.973846	1.28E+12	0.0193322	2.004862083	2.054862083	2.054862083
63900	5535.125343	1.29E+12	0.0193601	2.008468771	2.058468771	2.058468771
64000	5535.302904	1.29E+12	0.0193928	2.012264763	2.062264763	2.062264763
64100	5535.491868	1.29E+12	0.0194276	2.015796767	2.065796767	2.065796767
64200	5535.491868	1.29E+12	0.0194276	2.018894957	2.068894957	2.068894957
64300	5535.68409	1.29E+12	0.019463	2.021562563	2.071562563	2.071562563
64400	5535.894231	1.30E+12	0.0195017	2.024072097	2.074072097	2.074072097
64500	5536.119033	1.30E+12	0.0195431	2.026480753	2.076480753	2.076480753
64600	5536.119033	1.30E+12	0.0195431	2.028980125	2.078980125	2.078980125
64700	5536.347093	1.30E+12	0.0195851	2.031722912	2.081722912	2.081722912
64800	5536.589814	1.30E+12	0.0196298	2.034875327	2.084875327	2.084875327
64900	5536.589814	1.31E+12	0.0196298	2.039964897	2.089964897	2.089964897
65000	5536.832535	1.31E+12	0.0196745	2.044837958	2.094837958	2.094837958
65100	5537.094804	1.31E+12	0.0197228	2.049577441	2.099577441	2.099577441
65200	5537.094804	1.32E+12	0.0197228	2.054418451	2.104418451	2.104418451
65300	5537.360331	1.32E+12	0.0197717	2.05966212	2.10966212	2.10966212
65400	5537.360331	1.32E+12	0.0197717	2.065339059	2.115339059	2.115339059
65500	5537.627487	1.33E+12	0.0198209	2.071133788	2.121133788	2.121133788
65600	5537.893014	1.33E+12	0.0198698	2.076935559	2.126935559	2.126935559
65700	5537.893014	1.33E+12	0.0198698	2.082775558	2.132775558	2.132775558
65800	5538.14388	1.34E+12	0.019916	2.088474952	2.138474952	2.138474952
65900	5538.386601	1.34E+12	0.0199607	2.093885637	2.143885637	2.143885637
66000	5538.386601	1.34E+12	0.0199607	2.099152275	2.149152275	2.149152275
66100	5538.622806	1.35E+12	0.0200042	2.104264093	2.154264093	2.154264093
66200	5538.842721	1.35E+12	0.0200447	2.109076267	2.159076267	2.159076267
66300	5539.065894	1.35E+12	0.0200858	2.113289763	2.163289763	2.163289763
66400	5539.065894	1.36E+12	0.0200858	2.116926105	2.166926105	2.166926105
66500	5539.30047	1.36E+12	0.020129	2.120366552	2.170366552	2.170366552
66600	5539.530159	1.36E+12	0.0201713	2.123770652	2.173770652	2.173770652
66700	5539.530159	1.36E+12	0.0201713	2.127300921	2.177300921	2.177300921
66800	5539.751703	1.36E+12	0.0202121	2.131356132	2.181356132	2.181356132
66900	5539.979763	1.37E+12	0.0202541	2.135975965	2.185975965	2.185975965
67000	5540.207823	1.37E+12	0.0202961	2.140802966	2.190802966	2.190802966
67100	5540.207823	1.37E+12	0.0202961	2.145583013	2.195583013	2.195583013
67200	5540.432625	1.38E+12	0.0203375	2.150295396	2.200295396	2.200295396
67300	5540.673717	1.38E+12	0.0203819	2.154860605	2.204860605	2.204860605
67400	5540.673717	1.38E+12	0.0203819	2.159260813	2.209260813	2.209260813
67500	5540.905035	1.39E+12	0.0204245	2.163398186	2.213398186	2.213398186
67600	5541.144498	1.39E+12	0.0204686	2.165970548	2.215970548	2.215970548
67700	5541.144498	1.39E+12	0.0204686	2.168532034	2.218532034	2.218532034
67800	5541.387219	1.39E+12	0.0205133	2.170769968	2.220769968	2.220769968
67900	5541.600618	1.39E+12	0.0205526	2.172582103	2.222582103	2.222582103
68000	5541.797727	1.39E+12	0.0205889	2.173710949	2.223710949	2.223710949
68100	5541.998094	1.39E+12	0.0206258	2.174194807	2.224194807	2.224194807
68200	5541.998094	1.39E+12	0.0206258	2.174408272	2.224408272	2.224408272
68300	5542.195203	1.39E+12	0.0206621	2.174459531	2.224459531	2.224459531
68400	5542.384167	1.39E+12	0.0206969	2.174398007	2.224398007	2.224398007
68500	5542.564986	1.39E+12	0.0207302	2.174505616	2.224505616	2.224505616
68600	5542.744176	1.39E+12	0.0207632	2.174576754	2.224576754	2.224576754
68700	5542.921737	1.39E+12	0.0207959	2.174606156	2.224606156	2.224606156
68800	5543.099298	1.39E+12	0.0208286	2.174748854	2.224748854	2.224748854
68900	5543.267085	1.39E+12	0.0208595	2.175253837	2.225253837	2.225253837
69000	5543.43813	1.39E+12	0.020891	2.176457721	2.226457721	2.226457721
69100	5543.615691	1.40E+12	0.0209237	2.178282283	2.228282283	2.228282283
69200	5543.79651	1.40E+12	0.020957	2.180177676	2.230177676	2.230177676
69300	5543.972442	1.40E+12	0.0209894	2.18277579	2.23277579	2.23277579
69400	5543.972442	1.40E+12	0.0209894	2.185764094	2.235764094	2.235764094
69500	5544.148374	1.40E+12	0.0210218	2.18850601	2.23850601	2.23850601
69600	5544.327564	1.40E+12	0.0210548	2.190834677	2.240834677	2.240834677
69700	5544.511641	1.40E+12	0.0210887	2.193002551	2.243002551	2.243002551
69800	5544.695718	1.41E+12	0.0211226	2.195262909	2.245262909	2.245262909
69900	5544.863505	1.41E+12	0.0211535	2.197370845	2.247370845	2.247370845
70000	5545.029663	1.41E+12	0.0211841	2.199383388	2.249383388	2.249383388
70100	5545.207224	1.41E+12	0.0212168	2.201491213	2.251491213	2.251491213
70200	5545.358721	1.41E+12	0.0212447	2.203878612	2.253878612	2.253878612
70300	5545.511847	1.41E+12	0.0212729	2.207860111	2.257860111	2.257860111
70400	5545.673118	1.42E+12	0.0213026	2.211611905	2.261611905	2.261611905
70500	5545.857195	1.42E+12	0.0213365	2.215556352	2.265556352	2.265556352
70600	5546.047788	1.42E+12	0.0213716	2.220233111	2.270233111	2.270233111
70700	5546.244897	1.43E+12	0.0214079	2.225498717	2.275498717	2.275498717
70800	5546.244897	1.43E+12	0.0214079	2.231104382	2.281104382	2.281104382
70900	5546.437119	1.43E+12	0.0214433	2.236840681	2.286840681	2.286840681
71000	5546.622825	1.44E+12	0.0214775	2.242743464	2.292743464	2.292743464
71100	5546.811789	1.44E+12	0.0215123	2.248787874	2.298787874	2.298787874
71200	5546.997495	1.44E+12	0.0215465	2.254530955	2.304530955	2.304530955
71300	5547.170169	1.45E+12	0.0215783	2.260323823	2.310323823	2.310323823
71400	5547.352617	1.45E+12	0.0216119	2.266422464	2.316422464	2.316422464
71500	5547.544839	1.46E+12	0.0216473	2.272526501	2.322526501	2.322526501
71600	5547.544839	1.46E+12	0.0216473	2.278555036	2.328555036	2.328555036
71700	5547.737061	1.46E+12	0.0216827	2.284177145	2.334177145	2.334177145
71800	5547.939057	1.47E+12	0.0217199	2.289080278	2.339080278	2.339080278
71900	5548.163859	1.47E+12	0.0217613	2.2934653	2.3434653	2.3434653
72000	5548.163859	1.47E+12	0.0217613	2.297274943	2.347274943	2.347274943
72100	5548.411467	1.47E+12	0.0218069	2.300667101	2.350667101	2.350667101
72200	5548.675365	1.48E+12	0.0218555	2.304102333	2.354102333	2.354102333
72300	5548.675365	1.48E+12	0.0218555	2.307854006	2.357854006	2.357854006
72400	5548.936005	1.48E+12	0.0219035	2.312051023	2.362051023	2.362051023
72500	5549.175468	1.48E+12	0.0219476	2.316417104	2.366417104	2.366417104
72600	5549.175468	1.49E+12	0.0219476	2.320716522	2.370716522	2.370716522
72700	5549.387238	1.49E+12	0.0219866	2.324963338	2.374963338	2.374963338
72800	5549.589234	1.49E+12	0.0220238	2.329074338	2.379074338	2.379074338
72900	5549.789601	1.49E+12	0.0220607	2.333193451	2.383193451	2.383193451
73000	5549.994855	1.50E+12	0.0220985	2.335795231	2.385795231	2.385795231
73100	5549.994855	1.50E+12	0.0220985	2.338350008	2.388350008	2.388350008
73200	5550.187077	1.50E+12	0.0221339	2.34091172	2.39091172	2.39091172
73300	5550.374412	1.50E+12	0.0221684	2.342766998	2.392766998	2.392766998
73400	5550.551973	1.50E+12	0.0222011	2.343789544	2.393789544	2.393789544
73500	5550.729534	1.50E+12	0.0222338	2.344321113	2.394321113	2.394321113
73600	5550.903837	1.50E+12	0.0222659	2.344711209	2.394711209	2.394711209
73700	5551.073253	1.50E+12	0.0222971	2.345258862	2.395258862	2.395258862
73800	5551.244298	1.50E+12	0.0223286	2.345749425	2.395749425	2.395749425
73900	5551.405569	1.50E+12	0.0223583	2.346516601	2.396516601	2.396516601
74000	5551.557066	1.50E+12	0.0223862	2.34694305	2.39694305	2.39694305
74100	5551.715079	1.50E+12	0.0224153	2.347201103	2.397201103	2.397201103
74200	5551.863318	1.50E+12	0.0224426	2.347275617	2.397275617	2.397275617
74300	5552.000154	1.50E+12	0.0224678	2.347483651	2.397483651	2.397483651
74400	5552.280342	1.50E+12	0.0225194	2.348307165	2.398307165	2.398307165
74500	5552.433468	1.50E+12	0.0225476	2.349926553	2.399926553	2.399926553
74600	5552.601255	1.51E+12	0.0225785	2.352232508	2.402232508	2.402232508
74700	5552.601255	1.51E+12	0.0225785	2.355247699	2.405247699	2.405247699
74800	5552.785332	1.51E+12	0.0226124	2.358713724	2.408713724	2.408713724
74900	5552.974296	1.51E+12	0.0226472	2.362425304	2.412425304	2.412425304
75000	5553.161631	1.52E+12	0.0226817	2.365758595	2.415758595	2.415758595
75100	5553.339192	1.52E+12	0.0227144	2.368727039	2.418727039	2.418727039
75200	5553.506979	1.52E+12	0.0227453	2.371652451	2.421652451	2.421652451
75300	5553.689427	1.52E+12	0.0227789	2.374565796	2.424565796	2.424565796
75400	5553.876762	1.52E+12	0.0228134	2.377590035	2.427590035	2.427590035
75500	5553.876762	1.52E+12	0.0228134	2.380668205	2.430668205	2.430668205
75600	5554.086903	1.53E+12	0.0228521	2.38374514	2.43374514	2.43374514
75700	5554.30356	1.53E+12	0.022892	2.388214914	2.438214914	2.438214914
75800	5554.30356	1.53E+12	0.022892	2.392664989	2.442664989	2.442664989
75900	5554.567458	1.54E+12	0.0229406	2.397003945	2.447003945	2.447003945
76000	5554.831356	1.54E+12	0.0229892	2.40201731	2.45201731	2.45201731
76100	5554.831356	1.54E+12	0.0229892	2.407355934	2.457355934	2.457355934
76200	5555.083851	1.55E+12	0.0230357	2.413043799	2.463043799	2.463043799
76300	5555.324943	1.55E+12	0.0230801	2.418934651	2.468934651	2.468934651
76400	5555.324943	1.55E+12	0.0230801	2.424778229	2.474778229	2.474778229
76500	5555.572551	1.56E+12	0.0231257	2.430557892	2.480557892	2.480557892
76600	5555.794095	1.56E+12	0.0231665	2.436078328	2.486078328	2.486078328
76700	5556.009123	1.56E+12	0.0232061	2.441623636	2.491623636	2.491623636
76800	5556.009123	1.57E+12	0.0232061	2.44761068	2.49761068	2.49761068
76900	5556.220893	1.57E+12	0.0232451	2.453561071	2.503561071	2.503561071
77000	5556.431034	1.57E+12	0.0232838	2.459101414	2.509101414	2.509101414
77100	5556.637917	1.58E+12	0.0233219	2.4641011	2.5141011	2.5141011
77200	5556.835026	1.58E+12	0.0233582	2.468637533	2.518637533	2.518637533
77300	5556.835026	1.58E+12	0.0233582	2.472845335	2.522845335	2.522845335
77400	5557.019103	1.59E+12	0.0233921	2.476538212	2.526538212	2.526538212
77500	5557.20318	1.59E+12	0.023426	2.4801427	2.5301427	2.5301427
77600	5557.405176	1.59E+12	0.0234632	2.483869683	2.533869683	2.533869683
77700	5557.612059	1.59E+12	0.0235013	2.487805605	2.537805605	2.537805605
77800	5557.80591	1.60E+12	0.023537	2.491942005	2.541942005	2.541942005
77900	5557.80591	1.60E+12	0.023537	2.496093942	2.546093942	2.546093942
78000	5557.994874	1.60E+12	0.0235718	2.500057521	2.550057521	2.550057521
78100	5558.191983	1.60E+12	0.0236081	2.503827159	2.553827159	2.553827159
78200	5558.389092	1.61E+12	0.0236444	2.507492319	2.557492319	2.557492319
78300	5558.579685	1.61E+12	0.0236795	2.511123839	2.561123839	2.561123839
78400	5558.789826	1.61E+12	0.0237182	2.513494638	2.563494638	2.563494638
78500	5558.789826	1.61E+12	0.0237182	2.515506872	2.565506872	2.565506872
78600	5558.980419	1.61E+12	0.0237533	2.517975419	2.567975419	2.567975419
78700	5559.283413	1.61E+12	0.0238091	2.51997513	2.56997513	2.56997513
78800	5559.423507	1.61E+12	0.0238349	2.521406017	2.571406017	2.571406017
78900	5559.578262	1.62E+12	0.0238634	2.522452588	2.572452588	2.572452588
79000	5559.723243	1.62E+12	0.0238901	2.523110534	2.573110534	2.573110534
79100	5559.873111	1.62E+12	0.0239177	2.523488922	2.573488922	2.573488922
79200	5560.026237	1.62E+12	0.0239459	2.523605761	2.573605761	2.573605761
79300	5560.192395	1.62E+12	0.0239765	2.523895896	2.573895896	2.573895896
79400	5560.355295	1.62E+12	0.0240065	2.524301186	2.574301186	2.574301186
79500	5560.514937	1.62E+12	0.0240359	2.524408385	2.574408385	2.574408385
79600	5560.684353	1.62E+12	0.0240671	2.524469589	2.574469589	2.574469589
79700	5560.860285	1.62E+12	0.0240995	2.524541272	2.574541272	2.574541272
79800	5561.042733	1.62E+12	0.0241331	2.525042884	2.575042884	2.575042884
79900	5561.231697	1.62E+12	0.0241679	2.525957712	2.575957712	2.575957712
80000	5561.231697	1.62E+12	0.0241679	2.527156058	2.577156058	2.577156058
80100	5561.436951	1.62E+12	0.0242057	2.528746093	2.578746093	2.578746093
80200	5561.635689	1.62E+12	0.0242423	2.530568314	2.580568314	2.580568314
80300	5561.832798	1.62E+12	0.0242786	2.532486485	2.582486485	2.582486485
80400	5562.038052	1.62E+12	0.0243164	2.534218556	2.584218556	2.584218556
80500	5562.038052	1.62E+12	0.0243164	2.535758011	2.585758011	2.585758011
80600	5562.235161	1.62E+12	0.0243527	2.537336058	2.587336058	2.587336058
80700	5562.430641	1.63E+12	0.0243887	2.539399316	2.589399316	2.589399316
80800	5562.629379	1.63E+12	0.0244253	2.541924634	2.591924634	2.591924634
80900	5562.826488	1.63E+12	0.0244616	2.54451004	2.59451004	2.59451004
81000	5563.035	1.63E+12	0.0245	2.547092281	2.597092281	2.597092281
81100	5563.035	1.63E+12	0.0245	2.55102716	2.60102716	2.60102716
81200	5563.245141	1.64E+12	0.0245387	2.555382681	2.605382681	2.605382681
81300	5563.460169	1.64E+12	0.0245783	2.55944273	2.60944273	2.60944273
81400	5563.675197	1.64E+12	0.0246179	2.564639663	2.614639663	2.614639663
81500	5563.675197	1.65E+12	0.0246179	2.570500911	2.620500911	2.620500911
81600	5563.899999	1.65E+12	0.0246593	2.576860104	2.626860104	2.626860104
81700	5564.134575	1.65E+12	0.0247025	2.583242793	2.633242793	2.633242793
81800	5564.134575	1.66E+12	0.0247025	2.58964091	2.63964091	2.63964091
81900	5564.372409	1.66E+12	0.0247463	2.596253529	2.646253529	2.646253529
82000	5564.611872	1.67E+12	0.0247904	2.602575214	2.652575214	2.652575214
82100	5564.820384	1.67E+12	0.0248288	2.608638791	2.658638791	2.658638791
82200	5564.820384	1.67E+12	0.0248288	2.614932665	2.664932665	2.664932665
82300	5565.032154	1.68E+12	0.0248678	2.621538258	2.671538258	2.671538258
82400	5565.25044	1.68E+12	0.024908	2.627882068	2.677882068	2.677882068
82500	5565.25044	1.69E+12	0.024908	2.633781796	2.683781796	2.683781796
82600	5565.499677	1.69E+12	0.0249539	2.63907722	2.68907722	2.68907722
82700	5565.768462	1.69E+12	0.0250034	2.644049627	2.694049627	2.694049627
82800	5565.768462	1.70E+12	0.0250034	2.64850005	2.69850005	2.69850005
82900	5566.035618	1.70E+12	0.0250526	2.652801024	2.702801024	2.702801024
83000	5566.035618	1.70E+12	0.0250526	2.656812504	2.706812504	2.706812504
83100	5566.449384	1.70E+12	0.0251288	2.660556542	2.710556542	2.710556542
83200	5566.617171	1.71E+12	0.0251597	2.664920489	2.714920489	2.714920489
83300	5566.771926	1.71E+12	0.0251882	2.669640602	2.719640602	2.719640602
83400	5566.925052	1.71E+12	0.0252164	2.674255289	2.724255289	2.724255289
83500	5567.099355	1.72E+12	0.0252485	2.678588397	2.728588397	2.728588397
83600	5567.25411	1.72E+12	0.025277	2.682680888	2.732680888	2.732680888
83700	5567.386059	1.72E+12	0.0253013	2.686878143	2.736878143	2.736878143
83800	5567.581539	1.72E+12	0.0253373	2.690220947	2.740220947	2.740220947
83900	5567.713488	1.72E+12	0.0253616	2.692787869	2.742787869	2.742787869
84000	5567.881275	1.73E+12	0.0253925	2.695787363	2.745787363	2.745787363
84100	5568.080013	1.73E+12	0.0254291	2.697701195	2.747701195	2.747701195
84200	5568.21522	1.73E+12	0.025454	2.698899465	2.748899465	2.748899465
84300	5568.4107	1.73E+12	0.02549	2.699268699	2.749268699	2.749268699
84400	5568.549165	1.73E+12	0.0255155	2.699239069	2.749239069	2.749239069
84500	5568.679485	1.73E+12	0.0255395	2.699179175	2.749179175	2.749179175
84600	5568.874965	1.73E+12	0.0255755	2.698885425	2.748885425	2.748885425
84700	5569.015059	1.73E+12	0.0256013	2.69872193	2.74872193	2.74872193
84800	5569.161669	1.73E+12	0.0256283	2.698757719	2.748757719	2.748757719
84900	5569.384842	1.73E+12	0.0256694	2.699139817	2.749139817	2.749139817
85000	5569.533081	1.73E+12	0.0256967	2.699249504	2.749249504	2.749249504
85100	5569.68132	1.73E+12	0.025724	2.699236692	2.749236692	2.749236692
85200	5569.836075	1.73E+12	0.0257525	2.699615821	2.749615821	2.749615821
85300	5569.989201	1.73E+12	0.0257807	2.700466636	2.750466636	2.750466636
85400	5570.156988	1.73E+12	0.0258116	2.701922337	2.751922337	2.751922337
85500	5570.323146	1.73E+12	0.0258422	2.704017967	2.754017967	2.754017967
85600	5570.487675	1.73E+12	0.0258725	2.706611374	2.756611374	2.756611374
85700	5570.661978	1.74E+12	0.0259046	2.709714948	2.759714948	2.759714948
85800	5570.661978	1.74E+12	0.0259046	2.712729253	2.762729253	2.762729253
85900	5570.857458	1.74E+12	0.0259406	2.71561278	2.76561278	2.76561278
86000	5571.070857	1.74E+12	0.0259799	2.718362635	2.768362635	2.768362635
86100	5571.272853	1.74E+12	0.0260171	2.720958443	2.770958443	2.770958443
86200	5571.455301	1.74E+12	0.0260507	2.72363469	2.77363469	2.77363469
86300	5571.618201	1.75E+12	0.0260807	2.726493473	2.776493473	2.776493473
86400	5571.78273	1.75E+12	0.026111	2.729379845	2.779379845	2.779379845
86500	5571.950517	1.75E+12	0.0261419	2.733281177	2.783281177	2.783281177
86600	5572.111788	1.75E+12	0.0261716	2.7381147	2.7881147	2.7881147
86700	5572.282833	1.76E+12	0.0262031	2.74249929	2.79249929	2.79249929
86800	5572.458765	1.76E+12	0.0262355	2.747668448	2.797668448	2.797668448
86900	5572.639584	1.76E+12	0.0262688	2.753212622	2.803212622	2.803212622
87000	5572.809	1.77E+12	0.0263	2.759004885	2.809004885	2.809004885
87100	5572.809	1.77E+12	0.0263	2.76480087	2.81480087	2.81480087
87200	5572.989819	1.77E+12	0.0263333	2.770306769	2.820306769	2.820306769
87300	5573.169009	1.78E+12	0.0263663	2.775810588	2.825810588	2.825810588
87400	5573.341683	1.78E+12	0.0263981	2.781158713	2.831158713	2.831158713
87500	5573.506212	1.78E+12	0.0264284	2.786357775	2.836357775	2.836357775
87600	5573.664225	1.79E+12	0.0264575	2.791489253	2.841489253	2.841489253
87700	5573.947671	1.79E+12	0.0265097	2.797233219	2.847233219	2.847233219
87800	5574.076362	1.80E+12	0.0265334	2.802948595	2.852948595	2.852948595
87900	5574.201795	1.80E+12	0.0265565	2.808236475	2.858236475	2.858236475
88000	5574.337002	1.80E+12	0.0265814	2.812855503	2.862855503	2.862855503
88100	5574.481983	1.80E+12	0.0266081	2.817157782	2.867157782	2.867157782
88200	5574.651399	1.81E+12	0.0266393	2.8211011	2.8711011	2.8711011
88300	5574.815928	1.81E+12	0.0266696	2.824688477	2.874688477	2.874688477
88400	5574.970683	1.81E+12	0.0266981	2.828043995	2.878043995	2.878043995
88500	5575.127067	1.81E+12	0.0267269	2.831793006	2.881793006	2.881793006
88600	5575.402368	1.82E+12	0.0267776	2.835922669	2.885922669	2.885922669
88700	5575.566897	1.82E+12	0.0268079	2.839985522	2.889985522	2.889985522
88800	5575.733055	1.82E+12	0.0268385	2.84370625	2.89370625	2.89370625
88900	5575.733055	1.82E+12	0.0268385	2.847298045	2.897298045	2.897298045
89000	5575.907358	1.83E+12	0.0268706	2.850834011	2.900834011	2.900834011
89100	5576.094693	1.83E+12	0.0269051	2.85424929	2.90424929	2.90424929
89200	5576.31135	1.83E+12	0.026945	2.856932935	2.906932935	2.906932935
89300	5576.513346	1.83E+12	0.0269822	2.858733111	2.908733111	2.908733111
89400	5576.716971	1.83E+12	0.0270197	2.861288012	2.911288012	2.911288012
89500	5576.716971	1.83E+12	0.0270197	2.863070468	2.913070468	2.913070468
89600	5576.918967	1.83E+12	0.0270569	2.864287678	2.914287678	2.914287678
89700	5577.107931	1.83E+12	0.0270917	2.865043109	2.915043109	2.915043109
89800	5577.287121	1.84E+12	0.0271247	2.86566553	2.91566553	2.91566553
89900	5577.459795	1.84E+12	0.0271565	2.866356016	2.916356016	2.916356016
90000	5577.635727	1.84E+12	0.0271889	2.867043359	2.917043359	2.917043359
90100	5577.803514	1.84E+12	0.0272198	2.867544417	2.917544417	2.917544417
90200	5577.979446	1.84E+12	0.0272522	2.868320469	2.918320469	2.918320469
90300	5578.153749	1.84E+12	0.0272843	2.869265273	2.919265273	2.919265273
90400	5578.328052	1.84E+12	0.0273164	2.870196579	2.920196579	2.920196579
90500	5578.49421	1.84E+12	0.027347	2.871191772	2.921191772	2.921191772
90600	5578.637562	1.84E+12	0.0273734	2.872586951	2.922586951	2.922586951
90700	5578.780914	1.84E+12	0.0273998	2.874713869	2.924713869	2.924713869
90800	5578.927524	1.84E+12	0.0274268	2.877309666	2.927309666	2.927309666
90900	5579.095311	1.84E+12	0.0274577	2.880167511	2.930167511	2.930167511
91000	5579.267985	1.85E+12	0.0274895	2.883143036	2.933143036	2.933143036
91100	5579.456949	1.85E+12	0.0275243	2.886368149	2.936368149	2.936368149
91200	5579.624736	1.85E+12	0.0275552	2.889497879	2.939497879	2.939497879
91300	5579.786007	1.85E+12	0.0275849	2.892492195	2.942492195	2.942492195
91400	5579.970084	1.85E+12	0.0276188	2.895306834	2.945306834	2.945306834
91500	5579.970084	1.86E+12	0.0276188	2.898183216	2.948183216	2.948183216
91600	5580.146016	1.86E+12	0.0276512	2.900846081	2.950846081	2.950846081
91700	5580.339867	1.86E+12	0.0276869	2.903252355	2.953252355	2.953252355
91800	5580.523944	1.86E+12	0.0277208	2.905290578	2.955290578	2.955290578
91900	5580.704763	1.86E+12	0.0277541	2.907842482	2.957842482	2.957842482
92000	5580.88884	1.86E+12	0.027788	2.911243143	2.961243143	2.961243143
92100	5581.076175	1.87E+12	0.0278225	2.913830199	2.963830199	2.963830199
92200	5581.268397	1.87E+12	0.0278579	2.91699411	2.96699411	2.96699411
92300	5581.268397	1.87E+12	0.0278579	2.920468758	2.970468758	2.970468758
92400	5581.470393	1.87E+12	0.0278951	2.924396312	2.974396312	2.974396312
92500	5581.678905	1.88E+12	0.0279335	2.928812129	2.978812129	2.978812129
92600	5581.902078	1.88E+12	0.0279746	2.933342008	2.983342008	2.983342008
92700	5581.902078	1.88E+12	0.0279746	2.938433573	2.988433573	2.988433573
92800	5582.128509	1.89E+12	0.0280163	2.943825202	2.993825202	2.993825202
92900	5582.340279	1.89E+12	0.0280553	2.949378507	2.999378507	2.999378507
93000	5582.558565	1.89E+12	0.0280955	2.955357996	3.005357996	3.005357996
93100	5582.558565	1.90E+12	0.0280955	2.961501833	3.011501833	3.011501833
93200	5582.796399	1.90E+12	0.0281393	2.967948861	3.017948861	3.017948861
93300	5583.009798	1.90E+12	0.0281786	2.974143237	3.024143237	3.024143237
93400	5583.216681	1.91E+12	0.0282167	2.979912859	3.029912859	3.029912859
93500	5583.216681	1.91E+12	0.0282167	2.985523137	3.035523137	3.035523137
93600	5583.421935	1.92E+12	0.0282545	2.991227207	3.041227207	3.041227207
93700	5583.646737	1.92E+12	0.0282959	2.99693046	3.04693046	3.04693046
93800	5583.856878	1.92E+12	0.0283346	3.002624308	3.052624308	3.052624308
93900	5583.856878	1.93E+12	0.0283346	3.008475522	3.058475522	3.058475522
94000	5584.091454	1.93E+12	0.0283778	3.01460765	3.06460765	3.06460765
94100	5584.316256	1.93E+12	0.0284192	3.020583766	3.070583766	3.070583766
94200	5584.316256	1.94E+12	0.0284192	3.026114038	3.076114038	3.076114038
94300	5584.57038	1.94E+12	0.028466	3.031273889	3.081273889	3.081273889
94400	5584.817988	1.94E+12	0.0285116	3.036209594	3.086209594	3.086209594
94500	5584.817988	1.95E+12	0.0285116	3.040910823	3.090910823	3.090910823
94600	5585.034645	1.95E+12	0.0285515	3.04518923	3.09518923	3.09518923
94700	5585.252931	1.95E+12	0.0285917	3.048268185	3.098268185	3.098268185
94800	5585.476104	1.95E+12	0.0286328	3.051397241	3.101397241	3.101397241
94900	5585.674842	1.96E+12	0.0286694	3.053420419	3.103420419	3.103420419
95000	5585.674842	1.96E+12	0.0286694	3.054777932	3.104777932	3.104777932
95100	5585.854032	1.96E+12	0.0287024	3.055580435	3.105580435	3.105580435
95200	5586.015303	1.96E+12	0.0287321	3.056222793	3.106222793	3.106222793
95300	5586.319926	1.96E+12	0.0287882	3.056857805	3.106857805	3.106857805
95400	5586.464907	1.96E+12	0.0288149	3.057181522	3.107181522	3.107181522
95500	5586.605001	1.96E+12	0.0288407	3.057335867	3.107335867	3.107335867
95600	5586.749982	1.96E+12	0.0288674	3.057629429	3.107629429	3.107629429
95700	5586.898221	1.96E+12	0.0288947	3.057701677	3.107701677	3.107701677
95800	5587.057863	1.96E+12	0.0289241	3.057465129	3.107465129	3.107465129
95900	5587.217505	1.96E+12	0.0289535	3.057272541	3.107272541	3.107272541
96000	5587.38855	1.96E+12	0.028985	3.05736107	3.10736107	3.10736107
96100	5587.564482	1.96E+12	0.0290174	3.057977368	3.107977368	3.107977368
96200	5587.733898	1.96E+12	0.0290486	3.058929887	3.108929887	3.108929887
96300	5587.90983	1.96E+12	0.029081	3.060050346	3.110050346	3.110050346
96400	5588.098794	1.96E+12	0.0291158	3.061416481	3.111416481	3.111416481
96500	5588.098794	1.96E+12	0.0291158	3.063096549	3.113096549	3.113096549
96600	5588.286129	1.96E+12	0.0291503	3.064950693	3.114950693	3.114950693
96700	5588.476722	1.96E+12	0.0291854	3.066658987	3.116658987	3.116658987
96800	5588.667315	1.96E+12	0.0292205	3.06824631	3.11824631	3.11824631
96900	5588.861166	1.97E+12	0.0292562	3.06981031	3.11981031	3.11981031
97000	5589.041985	1.97E+12	0.0292895	3.071239751	3.121239751	3.121239751
97100	5589.216288	1.97E+12	0.0293216	3.072709672	3.122709672	3.122709672
97200	5589.382446	1.97E+12	0.0293522	3.074261371	3.124261371	3.124261371
97300	5589.542088	1.97E+12	0.0293816	3.076201241	3.126201241	3.126201241
97400	5589.700101	1.97E+12	0.0294107	3.07948956	3.12948956	3.12948956
97500	5589.856485	1.97E+12	0.0294395	3.082358009	3.132358009	3.132358009
97600	5589.99495	1.98E+12	0.029465	3.08626778	3.13626778	3.13626778
97700	5590.143189	1.98E+12	0.0294923	3.090618465	3.140618465	3.140618465
97800	5590.302831	1.98E+12	0.0295217	3.095754977	3.145754977	3.145754977
97900	5590.468989	1.99E+12	0.0295523	3.101143273	3.151143273	3.151143273
98000	5590.641663	1.99E+12	0.0295841	3.10628332	3.15628332	3.15628332
98100	5590.817595	1.99E+12	0.0296165	3.111619352	3.161619352	3.161619352
98200	5590.977237	2.00E+12	0.0296459	3.117404074	3.167404074	3.167404074
98300	5591.13525	2.00E+12	0.029675	3.123432806	3.173432806	3.173432806
98400	5591.296521	2.00E+12	0.0297047	3.12970978	3.17970978	3.17970978
98500	5591.474082	2.01E+12	0.0297374	3.136315712	3.186315712	3.186315712
98600	5591.635353	2.01E+12	0.0297671	3.143005715	3.193005715	3.193005715
98700	5591.796624	2.02E+12	0.0297968	3.149555458	3.199555458	3.199555458
98800	5591.96604	2.02E+12	0.029828	3.15572458	3.20572458	3.20572458
98900	5592.143601	2.02E+12	0.0298607	3.161354144	3.211354144	3.211354144
99000	5592.335823	2.03E+12	0.0298961	3.166587911	3.216587911	3.216587911
99100	5592.335823	2.03E+12	0.0298961	3.171404534	3.221404534	3.221404534
99200	5592.524787	2.03E+12	0.0299309	3.175692567	3.225692567	3.225692567
99300	5592.707235	2.04E+12	0.0299645	3.179703144	3.229703144	3.229703144
99400	5592.888054	2.04E+12	0.0299978	3.183842742	3.233842742	3.233842742
99500	5593.093308	2.04E+12	0.0300356	3.188361633	3.238361633	3.238361633
99600	5593.30182	2.04E+12	0.030074	3.192776846	3.242776846	3.242776846
99700	5593.484268	2.05E+12	0.0301076	3.197134865	3.247134865	3.247134865
99800	5593.484268	2.05E+12	0.0301076	3.201764177	3.251764177	3.251764177
99900	5593.678119	2.05E+12	0.0301433	3.206367897	3.256367897	3.256367897
100000	5593.865454	2.06E+12	0.0301778	3.210827366	3.260827366	3.260827366
100100	5594.075595	2.06E+12	0.0302165	3.213846911	3.263846911	3.263846911
100200	5594.26293	2.06E+12	0.030251	3.217110092	3.267110092	3.267110092
100300	5594.456781	2.06E+12	0.0302867	3.2198738	3.2698738	3.2698738
100400	5594.456781	2.06E+12	0.0302867	3.222017497	3.272017497	3.272017497
100500	5594.647374	2.06E+12	0.0303218	3.223207431	3.273207431	3.273207431
100600	5594.839596	2.06E+12	0.0303572	3.224088292	3.274088292	3.274088292
100700	5595.033447	2.07E+12	0.0303929	3.2252628	3.2752628	3.2752628
100800	5595.237072	2.07E+12	0.0304304	3.226247935	3.276247935	3.276247935
100900	5595.41952	2.07E+12	0.030464	3.226908595	3.276908595	3.276908595
101000	5595.605226	2.07E+12	0.0304982	3.227689937	3.277689937	3.277689937
101100	5595.605226	2.07E+12	0.0304982	3.228305922	3.278305922	3.278305922
101200	5595.795819	2.07E+12	0.0305333	3.228762609	3.278762609	3.278762609
101300	5595.992928	2.07E+12	0.0305696	3.229292036	3.279292036	3.279292036
101400	5596.180263	2.07E+12	0.0306041	3.229842031	3.279842031	3.279842031
101500	5596.36434	2.07E+12	0.030638	3.230831174	3.280831174	3.280831174
101600	5596.533756	2.07E+12	0.0306692	3.232240091	3.282240091	3.282240091
101700	5596.704801	2.07E+12	0.0307007	3.234151203	3.284151203	3.284151203
101800	5596.887249	2.07E+12	0.0307343	3.236246952	3.286246952	3.286246952
101900	5597.074584	2.07E+12	0.0307688	3.238442104	3.288442104	3.288442104
102000	5597.074584	2.08E+12	0.0307688	3.240626247	3.290626247	3.290626247
102100	5597.247258	2.08E+12	0.0308006	3.242560839	3.292560839	3.292560839
102200	5597.415045	2.08E+12	0.0308315	3.244380108	3.294380108	3.294380108
102300	5597.590977	2.08E+12	0.0308639	3.246294788	3.296294788	3.296294788
102400	5597.778312	2.08E+12	0.0308984	3.24825272	3.29825272	3.29825272
102500	5597.957502	2.08E+12	0.0309314	3.250115353	3.300115353	3.300115353
102600	5598.13995	2.08E+12	0.030965	3.252044921	3.302044921	3.302044921
102700	5598.289818	2.08E+12	0.0309926	3.253750341	3.303750341	3.303750341
102800	5598.451089	2.09E+12	0.0310223	3.25652355	3.30652355	3.30652355
102900	5598.633537	2.09E+12	0.0310559	3.259335017	3.309335017	3.309335017
103000	5598.829017	2.09E+12	0.0310919	3.262602792	3.312602792	3.312602792
103100	5598.829017	2.09E+12	0.0310919	3.266868512	3.316868512	3.316868512
103200	5599.044045	2.10E+12	0.0311315	3.27197615	3.32197615	3.32197615
103300	5599.265589	2.10E+12	0.0311723	3.277552066	3.327552066	3.327552066
103400	5599.488762	2.10E+12	0.0312134	3.283048905	3.333048905	3.333048905
103500	5599.488762	2.11E+12	0.0312134	3.288885731	3.338885731	3.338885731
103600	5599.694016	2.11E+12	0.0312512	3.295297273	3.345297273	3.345297273
103700	5599.89927	2.11E+12	0.031289	3.302028199	3.352028199	3.352028199
103800	5600.12733	2.12E+12	0.031331	3.309638913	3.359638913	3.359638913
103900	5600.12733	2.12E+12	0.031331	3.317344002	3.367344002	3.367344002
104000	5600.348874	2.13E+12	0.0313718	3.324682682	3.374682682	3.374682682
104100	5600.578563	2.13E+12	0.0314141	3.331475764	3.381475764	3.381475764
104200	5600.81151	2.14E+12	0.031457	3.337405826	3.387405826	3.387405826
104300	5600.81151	2.14E+12	0.031457	3.342964045	3.392964045	3.392964045
104400	5601.041199	2.14E+12	0.0314993	3.348200697	3.398200697	3.398200697
104500	5601.259485	2.15E+12	0.0315395	3.35285523	3.40285523	3.40285523
104600	5601.464739	2.15E+12	0.0315773	3.357186887	3.407186887	3.407186887
104700	5601.464739	2.15E+12	0.0315773	3.36128675	3.41128675	3.41128675
104800	5601.645558	2.16E+12	0.0316106	3.365546689	3.415546689	3.415546689
104900	5601.844296	2.16E+12	0.0316472	3.369815953	3.419815953	3.419815953
105000	5602.043034	2.16E+12	0.0316838	3.373723839	3.423723839	3.423723839
105100	5602.251546	2.16E+12	0.0317222	3.377252053	3.427252053	3.427252053
105200	5602.44051	2.17E+12	0.031757	3.380914313	3.430914313	3.430914313
105300	5602.44051	2.17E+12	0.031757	3.384611261	3.434611261	3.434611261
105400	5602.777713	2.17E+12	0.0318191	3.388490966	3.438490966	3.438490966
105500	5602.940613	2.17E+12	0.0318491	3.389002727	3.439002727	3.439002727
105600	5603.103513	2.17E+12	0.0318791	3.38963472	3.43963472	3.43963472
105700	5603.266413	2.17E+12	0.0319091	3.391465969	3.441465969	3.441465969
105800	5603.429313	2.17E+12	0.0319391	3.393164022	3.443164022	3.443164022
105900	5603.590584	2.17E+12	0.0319688	3.394328562	3.444328562	3.444328562
106000	5603.758371	2.17E+12	0.0319997	3.395066396	3.445066396	3.445066396
106100	5603.916384	2.17E+12	0.0320288	3.396000269	3.446000269	3.446000269
106200	5604.077655	2.18E+12	0.0320585	3.396643988	3.446643988	3.446643988
106300	5604.2487	2.18E+12	0.03209	3.396941385	3.446941385	3.446941385
106400	5604.408342	2.18E+12	0.0321194	3.397289244	3.447289244	3.447289244
106500	5604.571242	2.18E+12	0.0321494	3.397153917	3.447153917	3.447153917
106600	5604.735771	2.18E+12	0.0321797	3.396559344	3.446559344	3.446559344
106700	5604.895413	2.17E+12	0.0322091	3.395602048	3.445602048	3.445602048
106800	5605.055055	2.17E+12	0.0322385	3.394676276	3.444676276	3.444676276
106900	5605.2261	2.17E+12	0.03227	3.394353248	3.444353248	3.444353248
107000	5605.384113	2.17E+12	0.0322991	3.394254139	3.444254139	3.444254139
107100	5605.538868	2.17E+12	0.0323276	3.394123549	3.444123549	3.444123549
107200	5605.713171	2.17E+12	0.0323597	3.393951863	3.443951863	3.443951863
107300	5605.8777	2.17E+12	0.03239	3.394885149	3.444885149	3.444885149
107400	5606.0406	2.17E+12	0.03242	3.395266723	3.445266723	3.445266723
107500	5606.2035	2.17E+12	0.03245	3.395342079	3.445342079	3.445342079
107600	5606.3664	2.17E+12	0.03248	3.394491297	3.444491297	3.444491297
107700	5606.5293	2.17E+12	0.03251	3.393542828	3.443542828	3.443542828
107800	5606.6922	2.17E+12	0.03254	3.393255214	3.443255214	3.443255214
107900	5606.8551	2.17E+12	0.03257	3.391904722	3.441904722	3.441904722
108000	5607.018	2.17E+12	0.0326	3.389455645	3.439455645	3.439455645
108100	5607.1809	2.17E+12	0.03263	3.386532304	3.436532304	3.436532304
108200	5607.3438	2.17E+12	0.03266	3.382390532	3.432390532	3.432390532
108300	5607.5067	2.16E+12	0.03269	3.376738393	3.426738393	3.426738393
108400	5607.6696	2.16E+12	0.03272	3.370968275	3.420968275	3.420968275
108500	5607.8325	2.16E+12	0.03275	3.365953328	3.415953328	3.415953328
108600	5607.9954	2.15E+12	0.03278	3.36202364	3.41202364	3.41202364
108700	5608.1583	2.15E+12	0.03281	3.359685467	3.409685467	3.409685467
108800	5608.3212	2.15E+12	0.03284	3.357855052	3.407855052	3.407855052
108900	5608.4841	2.15E+12	0.03287	3.355027342	3.405027342	3.405027342
109000	5608.647	2.15E+12	0.0329	3.353307032	3.403307032	3.403307032
109100	5608.8099	2.15E+12	0.03293	3.349715362	3.399715362	3.399715362
109200	5608.9728	2.14E+12	0.03296	3.345950072	3.395950072	3.395950072
109300	5609.1357	2.14E+12	0.03299	3.341594726	3.391594726	3.391594726
109400	5609.2986	2.14E+12	0.03302	3.336784175	3.386784175	3.386784175
109500	5609.4615	2.13E+12	0.03305	3.331290015	3.381290015	3.381290015
109600	5609.6244	2.13E+12	0.03308	3.322838146	3.372838146	3.372838146
109700	5609.7873	2.12E+12	0.03311	3.312129922	3.362129922	3.362129922
109800	5609.9502	2.11E+12	0.03314	3.301163444	3.351163444	3.351163444
109900	5610.1131	2.11E+12	0.03317	3.289166725	3.339166725	3.339166725
110000	5610.276	2.10E+12	0.0332	3.276935467	3.326935467	3.326935467
110100	5610.4389	2.09E+12	0.03323	3.26276466	3.31276466	3.31276466
110200	5610.6018	2.08E+12	0.03326	3.246431897	3.296431897	3.296431897
110300	5610.7647	2.07E+12	0.03329	3.227983895	3.277983895	3.277983895
110400	5610.9276	2.05E+12	0.03332	3.207999457	3.257999457	3.257999457
110500	5611.0905	2.04E+12	0.03335	3.185901892	3.235901892	3.235901892
110600	5611.2534	2.02E+12	0.03338	3.161395173	3.211395173	3.211395173
110700	5611.4163	2.01E+12	0.03341	3.135182309	3.185182309	3.185182309
110800	5611.5792	1.99E+12	0.03344	3.106954629	3.156954629	3.156954629
110900	5611.7421	1.97E+12	0.03347	3.077597417	3.127597417	3.127597417
111000	5611.905	1.95E+12	0.0335	3.045887642	3.095887642	3.095887642
111100	5612.0679	1.93E+12	0.03353	3.012597698	3.062597698	3.062597698
111200	5612.2308	1.91E+12	0.03356	2.976303389	3.026303389	3.026303389
111300	5612.3937	1.88E+12	0.03359	2.937592576	2.987592576	2.987592576
111400	5612.5566	1.85E+12	0.03362	2.895378962	2.945378962	2.945378962
111500	5612.7195	1.83E+12	0.03365	2.850693358	2.900693358	2.900693358
111600	5612.8824	1.80E+12	0.03368	2.803357015	2.853357015	2.853357015
111700	5613.0453	1.76E+12	0.03371	2.752902477	2.802902477	2.802902477
111800	5613.2082	1.73E+12	0.03374	2.698047317	2.748047317	2.748047317
111900	5613.3711	1.69E+12	0.03377	2.63867611	2.68867611	2.68867611
112000	5613.534	1.65E+12	0.0338	2.574462842	2.624462842	2.624462842
112100	5613.6969	1.60E+12	0.03383	2.505750996	2.555750996	2.555750996
112200	5613.8598	1.56E+12	0.03386	2.435490445	2.485490445	2.485490445
112300	5614.0227	1.52E+12	0.03389	2.365976137	2.415976137	2.415976137
112400	5614.1856	1.47E+12	0.03392	2.297527019	2.347527019	2.347527019
112500	5614.3485	1.43E+12	0.03395	2.226828501	2.276828501	2.276828501
112600	5614.5114	1.38E+12	0.03398	2.153866611	2.203866611	2.203866611
112700	5614.6743	1.33E+12	0.03401	2.079639457	2.129639457	2.129639457
112800	5614.8372	1.28E+12	0.03404	2.004096885	2.054096885	2.054096885
112900	5615.0001	1.23E+12	0.03407	1.927288918	1.977288918	1.977288918
113000	5615.163	1.18E+12	0.0341	1.849607315	1.899607315	1.899607315
113100	5615.3259	1.13E+12	0.03413	1.770247639	1.820247639	1.820247639
113200	5615.4888	1.08E+12	0.03416	1.688262778	1.738262778	1.738262778
113300	5615.6517	1.03E+12	0.03419	1.602741291	1.652741291	1.652741291
113400	5615.8146	9.69E+11	0.03422	1.513533531	1.563533531	1.563533531
113500	5615.9775	9.08E+11	0.03425	1.417259375	1.467259375	1.467259375
113600	5616.1404	8.46E+11	0.03428	1.321388548	1.371388548	1.371388548
113700	5616.3033	7.86E+11	0.03431	1.226926747	1.276926747	1.276926747
113800	5616.4662	7.25E+11	0.03434	1.132338884	1.182338884	1.182338884
113900	5616.6291	6.66E+11	0.03437	1.039389622	1.089389622	1.089389622
114000	5616.792	6.07E+11	0.0344	0.947437612	0.997437612	0.997437612
114100	5616.9549	5.48E+11	0.03443	0.85637589	0.90637589	0.90637589
114200	5617.1178	4.91E+11	0.03446	0.766394626	0.816394626	0.816394626
114300	5617.2807	4.33E+11	0.03449	0.676088942	0.726088942	0.726088942
114400	5617.4436	3.75E+11	0.03452	0.585738289	0.635738289	0.635738289
114500	5617.6065	3.18E+11	0.03455	0.496617885	0.546617885	0.546617885
114600	5617.7694	2.61E+11	0.03458	0.407532694	0.457532694	0.457532694
114700	5617.9323	2.05E+11	0.03461	0.319590788	0.369590788	0.369590788
114800	5618.0952	1.50E+11	0.03464	0.23442221	0.28442221	0.28442221
114900	5618.2581	95524145909	0.03467	0.149160449	0.199160449	0.199160449
115000	5618.421	40684523110	0.0347	0.063528668	0.113528668	0.113528668
115100	5618.5839	-13079453377	0.03473	-0.020423497	0.029576503	0.00295765
115200	5618.7468	-67182902428	0.03476	-0.104905747	-0.054905747	-0.005490575
115300	5618.9097	-1.21E+11	0.03479	-0.189366388	-0.139366388	-0.013936639
115400	5619.0726	-1.76E+11	0.03482	-0.274354007	-0.224354007	-0.022435401
115500	5619.2355	-2.30E+11	0.03485	-0.359850197	-0.309850197	-0.03098502
115600	5619.3984	-2.84E+11	0.03488	-0.444130478	-0.394130478	-0.039413048
115700	5619.5613	-3.36E+11	0.03491	-0.525270665	-0.475270665	-0.047527067
115800	5619.7242	-3.89E+11	0.03494	-0.607035734	-0.557035734	-0.055703573
115900	5619.8871	-4.40E+11	0.03497	-0.686282676	-0.636282676	-0.063628268
116000	5620.05	-4.89E+11	0.035	-0.763208376	-0.713208376	-0.071320838
116100	5620.2129	-5.37E+11	0.03503	-0.838342389	-0.788342389	-0.078834239
116200	5620.3758	-5.83E+11	0.03506	-0.910630144	-0.860630144	-0.086063014
116300	5620.5387	-6.29E+11	0.03509	-0.981651439	-0.931651439	-0.093165144
116400	5620.7016	-6.73E+11	0.03512	-1.050124831	-1.000124831	-0.100012483
116500	5620.8645	-7.13E+11	0.03515	-1.112742575	-1.062742575	-0.106274258
116600	5621.0274	-7.53E+11	0.03518	-1.175777216	-1.125777216	-0.112577722
116700	5621.1903	-7.93E+11	0.03521	-1.238176113	-1.188176113	-0.118817611
116800	5621.3532	-8.32E+11	0.03524	-1.29908842	-1.24908842	-0.124908842
116900	5621.5161	-8.68E+11	0.03527	-1.355336131	-1.305336131	-0.130533613
117000	5621.679	-9.01E+11	0.0353	-1.406799807	-1.356799807	-0.135679981
117100	5621.8419	-9.32E+11	0.03533	-1.454757779	-1.404757779	-0.140475778
117200	5622.0048	-9.62E+11	0.03536	-1.502418099	-1.452418099	-0.14524181
117300	5622.1677	-9.93E+11	0.03539	-1.550571705	-1.500571705	-0.150057171
117400	5622.3306	-1.02E+12	0.03542	-1.598763089	-1.548763089	-0.154876309
117500	5622.4935	-1.06E+12	0.03545	-1.647873183	-1.597873183	-0.159787318
117600	5622.6564	-1.09E+12	0.03548	-1.69469046	-1.64469046	-0.164469046
117700	5622.8193	-1.11E+12	0.03551	-1.74019575	-1.69019575	-0.169019575
117800	5622.9822	-1.14E+12	0.03554	-1.782887816	-1.732887816	-0.173288782
117900	5623.1451	-1.17E+12	0.03557	-1.821131767	-1.771131767	-0.177113177
118000	5623.308	-1.19E+12	0.0356	-1.857267639	-1.807267639	-0.180726764
118100	5623.4709	-1.21E+12	0.03563	-1.88870651	-1.83870651	-0.183870651
118200	5623.6338	-1.23E+12	0.03566	-1.914871389	-1.864871389	-0.186487139
118300	5623.7967	-1.24E+12	0.03569	-1.938798032	-1.888798032	-0.188879803
118400	5623.9596	-1.25E+12	0.03572	-1.959510146	-1.909510146	-0.190951015
118500	5624.1225	-1.27E+12	0.03575	-1.976255624	-1.926255624	-0.192625562
118600	5624.2854	-1.27E+12	0.03578	-1.989686277	-1.939686277	-0.193968628
118700	5624.4483	-1.28E+12	0.03581	-1.999936188	-1.949936188	-0.194993619
118800	5624.6112	-1.29E+12	0.03584	-2.007826182	-1.957826182	-0.195782618
118900	5624.7741	-1.29E+12	0.03587	-2.014196702	-1.964196702	-0.19641967
119000	5624.937	-1.29E+12	0.0359	-2.020686298	-1.970686298	-0.19706863
119100	5625.0999	-1.30E+12	0.03593	-2.029643622	-1.979643622	-0.197964362
119200	5625.2628	-1.30E+12	0.03596	-2.036276399	-1.986276399	-0.19862764
119300	5625.4257	-1.31E+12	0.03599	-2.04091589	-1.99091589	-0.199091589
119400	5625.5886	-1.31E+12	0.03602	-2.043283006	-1.993283006	-0.199328301
119500	5625.7515	-1.31E+12	0.03605	-2.04081227	-1.99081227	-0.199081227
119600	5625.9144	-1.30E+12	0.03608	-2.035437658	-1.985437658	-0.198543766
119700	5626.0773	-1.30E+12	0.03611	-2.027638612	-1.977638612	-0.197763861
119800	5626.2402	-1.29E+12	0.03614	-2.016208064	-1.966208064	-0.196620806
119900	5626.4031	-1.28E+12	0.03617	-2.001684185	-1.951684185	-0.195168419
120000	5626.566	-1.27E+12	0.0362	-1.984662591	-1.934662591	-0.193466259
120100	5626.7289	-1.26E+12	0.03623	-1.9637102	-1.9137102	-0.19137102
120200	5626.8918	-1.24E+12	0.03626	-1.936994668	-1.886994668	-0.188699467
120300	5627.0547	-1.22E+12	0.03629	-1.908265065	-1.858265065	-0.185826507
120400	5627.2176	-1.20E+12	0.03632	-1.87810508	-1.82810508	-0.182810508
120500	5627.3805	-1.19E+12	0.03635	-1.850412648	-1.800412648	-0.180041265
120600	5627.5434	-1.17E+12	0.03638	-1.823608747	-1.773608747	-0.177360875
120700	5627.7063	-1.15E+12	0.03641	-1.796295666	-1.746295666	-0.174629567
120800	5627.8692	-1.13E+12	0.03644	-1.767889085	-1.717889085	-0.171788909
120900	5628.0321	-1.11E+12	0.03647	-1.738847121	-1.688847121	-0.168884712
121000	5628.195	-1.09E+12	0.0365	-1.706340653	-1.656340653	-0.165634065
121100	5628.3579	-1.07E+12	0.03653	-1.669960411	-1.619960411	-0.161996041
121200	5628.5208	-1.04E+12	0.03656	-1.630164368	-1.580164368	-0.158016437
121300	5628.6837	-1.02E+12	0.03659	-1.587630158	-1.537630158	-0.153763016
121400	5628.8466	-9.87E+11	0.03662	-1.541803509	-1.491803509	-0.149180351
121500	5629.0095	-9.56E+11	0.03665	-1.49272084	-1.44272084	-0.144272084
121600	5629.1724	-9.21E+11	0.03668	-1.437373842	-1.387373842	-0.138737384
121700	5629.3353	-8.84E+11	0.03671	-1.379719989	-1.329719989	-0.132971999
121800	5629.4982	-8.45E+11	0.03674	-1.319115339	-1.269115339	-0.126911534
121900	5629.6611	-8.02E+11	0.03677	-1.253058211	-1.203058211	-0.120305821
122000	5629.824	-7.59E+11	0.0368	-1.185711601	-1.135711601	-0.11357116
122100	5629.9869	-7.15E+11	0.03683	-1.116712448	-1.066712448	-0.106671245
122200	5630.1498	-6.70E+11	0.03686	-1.046326219	-0.996326219	-0.099632622
122300	5630.3127	-6.23E+11	0.03689	-0.972799853	-0.922799853	-0.092279985
122400	5630.4756	-5.74E+11	0.03692	-0.895836326	-0.845836326	-0.084583633
122500	5630.6385	-5.23E+11	0.03695	-0.816080881	-0.766080881	-0.076608088
122600	5630.8014	-4.71E+11	0.03698	-0.735252074	-0.685252074	-0.068525207
122700	5630.9643	-4.17E+11	0.03701	-0.651490423	-0.601490423	-0.060149042
122800	5631.1272	-3.63E+11	0.03704	-0.566467159	-0.516467159	-0.051646716
122900	5631.2901	-3.07E+11	0.03707	-0.47985473	-0.42985473	-0.042985473
123000	5631.453	-2.49E+11	0.0371	-0.388778596	-0.338778596	-0.03387786
123100	5631.6159	-1.90E+11	0.03713	-0.296404191	-0.246404191	-0.024640419
123200	5631.7788	-1.27E+11	0.03716	-0.19782589	-0.14782589	-0.014782589
123300	5631.9417	-61401111569	0.03719	-0.095877511	-0.045877511	-0.004587751
123400	5632.1046	4438942348	0.03722	0.006931385	0.056931385	0.005693139
123500	5632.2675	71107811869	0.03725	0.111034473	0.161034473	0.016103447
123600	5632.4304	1.36E+11	0.03728	0.212457765	0.262457765	0.026245777
123700	5632.5933	2.01E+11	0.03731	0.313784903	0.363784903	0.03637849
123800	5632.7562	2.67E+11	0.03734	0.416622338	0.466622338	0.046662234
123900	5632.9191	3.34E+11	0.03737	0.521971759	0.571971759	0.057197176
124000	5633.082	4.02E+11	0.0374	0.62759478	0.67759478	0.067759478
124100	5633.2449	4.68E+11	0.03743	0.731060087	0.781060087	0.078106009
124200	5633.4078	5.33E+11	0.03746	0.83187002	0.88187002	0.088187002
124300	5633.5707	5.94E+11	0.03749	0.927012591	0.977012591	0.097701259
124400	5633.7336	6.54E+11	0.03752	1.020480802	1.070480802	0.10704808
124500	5633.8965	7.10E+11	0.03755	1.109342238	1.159342238	0.115934224
124600	5634.0594	7.67E+11	0.03758	1.197714849	1.247714849	0.124771485
124700	5634.2223	8.25E+11	0.03761	1.287470155	1.337470155	0.133747016
124800	5634.3852	8.79E+11	0.03764	1.373033054	1.423033054	0.142303305
124900	5634.5481	9.31E+11	0.03767	1.454350276	1.504350276	0.150435028
125000	5634.711	9.80E+11	0.0377	1.530907279	1.580907279	0.158090728
125100	5634.8739	1.03E+12	0.03773	1.602226348	1.652226348	0.165222635
125200	5635.0368	1.07E+12	0.03776	1.669693925	1.719693925	0.171969393
125300	5635.1997	1.11E+12	0.03779	1.736380162	1.786380162	0.178638016
125400	5635.3626	1.15E+12	0.03782	1.800822393	1.850822393	0.185082239
125500	5635.5255	1.19E+12	0.03785	1.862348046	1.912348046	0.191234805
125600	5635.6884	1.23E+12	0.03788	1.920748623	1.970748623	0.197074862
125700	5635.8513	1.26E+12	0.03791	1.974663196	2.024663196	0.20246632
125800	5636.0142	1.30E+12	0.03794	2.025012588	2.075012588	0.207501259
125900	5636.1771	1.32E+12	0.03797	2.068544055	2.118544055	0.211854406
126000	5636.34	1.35E+12	0.038	2.106374783	2.156374783	0.215637478
126100	5636.5029	1.37E+12	0.03803	2.138076888	2.188076888	0.218807689
126200	5636.6658	1.38E+12	0.03806	2.159750118	2.209750118	0.220975012
126300	5636.8287	1.39E+12	0.03809	2.173042301	2.223042301	0.22230423
126400	5636.9916	1.40E+12	0.03812	2.182127639	2.232127639	0.223212764
126500	5637.1545	1.40E+12	0.03815	2.187651172	2.237651172	0.223765117
126600	5637.3174	1.40E+12	0.03818	2.192097179	2.242097179	0.224209718
126700	5637.4803	1.41E+12	0.03821	2.197817266	2.247817266	0.224781727
126800	5637.6432	1.41E+12	0.03824	2.203987264	2.253987264	0.225398726
126900	5637.8061	1.41E+12	0.03827	2.207941574	2.257941574	0.225794157
127000	5637.969	1.42E+12	0.0383	2.210532273	2.260532273	0.226053227
127100	5638.1319	1.42E+12	0.03833	2.212376891	2.262376891	0.226237689
127200	5638.2948	1.42E+12	0.03836	2.212993362	2.262993362	0.226299336
127300	5638.4577	1.42E+12	0.03839	2.212436591	2.262436591	0.226243659
127400	5638.6206	1.41E+12	0.03842	2.20728038	2.25728038	0.225728038
127500	5638.7835	1.41E+12	0.03845	2.200534468	2.250534468	0.225053447
127600	5638.9464	1.40E+12	0.03848	2.190884875	2.240884875	0.224088488
127700	5639.1093	1.39E+12	0.03851	2.176794648	2.226794648	0.222679465
127800	5639.2722	1.38E+12	0.03854	2.156693675	2.206693675	0.220669368
127900	5639.4351	1.36E+12	0.03857	2.131357409	2.181357409	0.218135741
128000	5639.598	1.35E+12	0.0386	2.102904199	2.152904199	0.21529042
128100	5639.7609	1.33E+12	0.03863	2.072190129	2.122190129	0.212219013
128200	5639.9238	1.31E+12	0.03866	2.038207322	2.088207322	0.208820732
128300	5640.0867	1.28E+12	0.03869	2.001040812	2.051040812	0.205104081
128400	5640.2496	1.26E+12	0.03872	1.963517968	2.013517968	0.201351797
128500	5640.4125	1.23E+12	0.03875	1.926586133	1.976586133	0.197658613
128600	5640.5754	1.21E+12	0.03878	1.887300961	1.937300961	0.193730096
128700	5640.7383	1.18E+12	0.03881	1.84358233	1.89358233	0.189358233
128800	5640.9012	1.15E+12	0.03884	1.797983468	1.847983468	0.184798347
128900	5641.0641	1.12E+12	0.03887	1.751795326	1.801795326	0.180179533
129000	5641.227	1.09E+12	0.0389	1.704090464	1.754090464	0.175409046
129100	5641.3899	1.06E+12	0.03893	1.652193696	1.702193696	0.17021937
129200	5641.5528	1.02E+12	0.03896	1.593641959	1.643641959	0.164364196
129300	5641.7157	9.77E+11	0.03899	1.525747915	1.575747915	0.157574792
129400	5641.8786	9.30E+11	0.03902	1.45259323	1.50259323	0.150259323
129500	5642.0415	8.80E+11	0.03905	1.374101731	1.424101731	0.142410173
129600	5642.2044	8.28E+11	0.03908	1.293025248	1.343025248	0.134302525
129700	5642.3673	7.74E+11	0.03911	1.208658913	1.258658913	0.125865891
129800	5642.5302	7.18E+11	0.03914	1.12167496	1.17167496	0.117167496
129900	5642.6931	6.61E+11	0.03917	1.032562091	1.082562091	0.108256209
130000	5642.856	6.01E+11	0.0392	0.938367732	0.988367732	0.098836773
130100	5643.0189	5.38E+11	0.03923	0.840322242	0.890322242	0.089032224
130200	5643.1818	4.76E+11	0.03926	0.742693054	0.792693054	0.079269305
130300	5643.3447	4.14E+11	0.03929	0.647046694	0.697046694	0.069704669
130400	5643.5076	3.55E+11	0.03932	0.555083536	0.605083536	0.060508354
130500	5643.6705	2.97E+11	0.03935	0.463864111	0.513864111	0.051386411
130600	5643.8334	2.38E+11	0.03938	0.371998322	0.421998322	0.042199832
130700	5643.9963	1.79E+11	0.03941	0.278962911	0.328962911	0.032896291
130800	5644.1592	1.20E+11	0.03944	0.186880103	0.236880103	0.02368801
130900	5644.3221	62269133431	0.03947	0.097232923	0.147232923	0.014723292
131000	5644.485	6362404509	0.0395	0.009934861	0.059934861	0.005993486
131100	5644.6479	-48328309316	0.03953	-0.0754644	-0.0254644	-0.00254644
131200	5644.8108	-1.03E+11	0.03956	-0.160826128	-0.110826128	-0.011082613
131300	5644.9737	-1.57E+11	0.03959	-0.244524432	-0.194524432	-0.019452443
131400	5645.1366	-2.11E+11	0.03962	-0.328886677	-0.278886677	-0.027888668
131500	5645.2995	-2.67E+11	0.03965	-0.417364518	-0.367364518	-0.036736452
131600	5645.4624	-3.23E+11	0.03968	-0.503611092	-0.453611092	-0.045361109
131700	5645.6253	-3.76E+11	0.03971	-0.586443117	-0.536443117	-0.053644312
131800	5645.7882	-4.25E+11	0.03974	-0.663466144	-0.613466144	-0.061346614
131900	5645.9511	-4.71E+11	0.03977	-0.735258586	-0.685258586	-0.068525859
132000	5646.114	-5.14E+11	0.0398	-0.803233566	-0.753233566	-0.075323357
132100	5646.2769	-5.57E+11	0.03983	-0.869075332	-0.819075332	-0.081907533
132200	5646.4398	-5.97E+11	0.03986	-0.932247784	-0.882247784	-0.088224778
132300	5646.6027	-6.35E+11	0.03989	-0.990783633	-0.940783633	-0.094078363
132400	5646.7656	-6.67E+11	0.03992	-1.041289905	-0.991289905	-0.099128991
132500	5646.9285	-6.97E+11	0.03995	-1.088800066	-1.038800066	-0.103880007
132600	5647.0914	-7.25E+11	0.03998	-1.131707745	-1.081707745	-0.108170775
132700	5647.2543	-7.50E+11	0.04001	-1.171764823	-1.121764823	-0.112176482
132800	5647.4172	-7.77E+11	0.04004	-1.21403428	-1.16403428	-0.116403428
132900	5647.5801	-8.05E+11	0.04007	-1.256647063	-1.206647063	-0.120664706
133000	5647.743	-8.31E+11	0.0401	-1.298001735	-1.248001735	-0.124800174
133100	5647.9059	-8.57E+11	0.04013	-1.337922621	-1.287922621	-0.128792262
133200	5648.0688	-8.82E+11	0.04016	-1.377641058	-1.327641058	-0.132764106
133300	5648.2317	-9.08E+11	0.04019	-1.418385403	-1.368385403	-0.13683854
133400	5648.3946	-9.36E+11	0.04022	-1.461835637	-1.411835637	-0.141183564
133500	5648.5575	-9.65E+11	0.04025	-1.506724259	-1.456724259	-0.145672426
133600	5648.7204	-9.93E+11	0.04028	-1.550661156	-1.500661156	-0.150066116
133700	5648.8833	-1.02E+12	0.04031	-1.593421893	-1.543421893	-0.154342189
133800	5649.0462	-1.05E+12	0.04034	-1.635922399	-1.585922399	-0.15859224
133900	5649.2091	-1.07E+12	0.04037	-1.676135258	-1.626135258	-0.162613526
134000	5649.372	-1.10E+12	0.0404	-1.716036772	-1.666036772	-0.166603677
134100	5649.5349	-1.12E+12	0.04043	-1.755667669	-1.705667669	-0.170566767
134200	5649.6978	-1.15E+12	0.04046	-1.797004001	-1.747004001	-0.1747004
134300	5649.8607	-1.18E+12	0.04049	-1.840587243	-1.790587243	-0.179058724
134400	5650.0236	-1.21E+12	0.04052	-1.884991483	-1.834991483	-0.183499148
134500	5650.1865	-1.24E+12	0.04055	-1.929974957	-1.879974957	-0.187997496
134600	5650.3494	-1.26E+12	0.04058	-1.972077079	-1.922077079	-0.192207708
134700	5650.5123	-1.29E+12	0.04061	-2.010649872	-1.960649872	-0.196064987
134800	5650.6752	-1.31E+12	0.04064	-2.047793685	-1.997793685	-0.199779369
